4.23330316882392e-08
4.43611113772536e-05
0.00119261559190612
0.115113697518145
0.145258559028795
0.163937472504272
0.20664903599746
0.0110157399518093
6.07844149472992e-05
4.1104722180884e-08
4.11047221772572e-08
6.07844149472992e-05
0.0110157399518093
0.20664903599746
0.163937472504272
0.145258559028795
0.115113697518145
0.00119261559190612
4.43611113772536e-05
4.2333031689553e-08
4.02438351707423e-08
5.99851526764545e-05
0.0107057331037243
0.190648334630271
0.150850704247933
0.158044701471259
0.210899062166983
0.0112174767397055
4.70724200325293e-05
8.01375209902717e-09
4.00818471740362e-08
5.88800897094459e-05
0.0104589852701926
0.187771342682431
0.148135628703903
0.148709486787353
0.191722106496567
0.0111564743001988
6.65043384490574e-05
4.47141953418714e-08
4.10353295425593e-08
5.99130289337759e-05
0.0104825204809424
0.185167584760218
0.144737836124399
0.145956157077377
0.189116803158313
0.0107156180194045
6.07301699012134e-05
4.20695252754037e-08
4.20695252740446e-08
6.07301699012134e-05
0.0107156180194045
0.189116803158313
0.145956157077377
0.144737836124399
0.185167584760218
0.0104825204809424
5.99130289337759e-05
4.10353295463992e-08
4.4714195341495e-08
6.65043384490574e-05
0.0111564743001988
0.191722106496567
0.148709486787353
0.148135628703903
0.187771342682431
0.0104589852701926
5.88800897094459e-05
4.00818471745372e-08
8.01375210183691e-09
4.70724200325293e-05
0.0112174767397055
0.210899062166983
0.158044701471259
0.150850704247933
0.190648334630271
0.0107057331037243
5.99851526764545e-05
4.02438351707614e-08
4.23330316882392e-08
4.43611113772536e-05
0.00119261559190612
0.115113697518145
0.145258559028795
0.163937472504272
0.20664903599746
0.0110157399518093
6.07844149472992e-05
4.1104722180884e-08
4.11047221772572e-08
6.07844149472992e-05
0.0110157399518093
0.20664903599746
0.163937472504272
0.145258559028795
0.115113697518145
0.00119261559190612
4.43611113772536e-05
4.2333031689553e-08
