0
0.00013809901841651
0.000249680943593902
0.00115099735716618
-0.00101544765059732
0.0269279534607454
0.154590503634177
0.199615662635157
0.236657413821859
0.0566314779926372
0.146942003380373
0.0271482965013825
0.283921773704584
0.186359022600869
0.153744555849004
0.0369564412623217
-0.000959236131540916
0.000882001177627859
0.000220938355547867
0.000164344368209632
4.47446909852856e-20
0
0.000164344368209628
0.000220938355547877
0.000882001177627809
-0.000959236131540933
0.0369564412623214
0.153744555849005
0.186359022600869
0.283921773704584
0.0271482965013826
0.146942003380372
0.0566314779926374
0.236657413821859
0.199615662635157
0.154590503634177
0.0269279534607457
-0.00101544765059723
0.00115099735716621
0.000249680943593894
0.000138099018416509
3.22918254106321e-20
0
0.000128831551110326
0.000289651618111569
0.00112350660847263
0.000422267504619117
0.0436243096705669
0.13929454344199
0.187264655106937
0.296270909948504
0.0748785226085975
0.0861381818259351
0.182701566836981
0.180101550868026
0.231043689288849
0.148492327288374
0.0227279981837287
-0.00207564302924586
0.000247531649342986
0.000107824925530579
0.00011917044090822
-7.70560344420275e-21
0
-6.38220254234362e-06
0.000585937501306389
0.00102091757796902
-0.00030010470216338
0.0394905454186324
0.119981906118894
0.200713016881678
0.259665611453556
0.127254869063401
0.0324973309434744
0.273068624964587
0.135913936401696
0.252939171126931
0.134074533674287
0.0236262781800769
-0.00163337184658952
0.000391293853932692
0.000453911343192947
0.000249469596755926
5.86659646620214e-20
0
7.02224568128738e-05
0.000410976500850717
0.00038899659525915
7.81683025705134e-05
0.0370724389105477
0.113786582935561
0.22663764431911
0.181757285536888
0.205012390990779
0.0109421079660491
0.260462513805965
0.133174390364898
0.249412095584467
0.119633316273019
0.0258850146251469
-0.00098293688449762
0.000810062327356613
0.000342099153702012
0.000294550986676623
-1.58810735083336e-21
0
0.000294550986676623
0.000342099153702018
0.000810062327356637
-0.000982936884497633
0.025885014625147
0.119633316273019
0.249412095584467
0.133174390364897
0.260462513805965
0.010942107966049
0.205012390990779
0.181757285536888
0.22663764431911
0.11378658293556
0.0370724389105475
7.81683025705095e-05
0.00038899659525914
0.000410976500850713
7.02224568128749e-05
-6.5346924808623e-22
0
0.000249469596755926
0.000453911343192954
0.000391293853932706
-0.00163337184658953
0.0236262781800768
0.134074533674287
0.252939171126932
0.135913936401696
0.273068624964587
0.0324973309434737
0.127254869063401
0.259665611453556
0.200713016881678
0.119981906118893
0.039490545418632
-0.000300104702163429
0.00102091757796903
0.000585937501306384
-6.38220254234074e-06
5.11721864115796e-20
0
0.000119170440908221
0.000107824925530585
0.000247531649343
-0.00207564302924588
0.0227279981837285
0.148492327288374
0.231043689288849
0.180101550868026
0.182701566836981
0.0861381818259352
0.0748785226085977
0.296270909948504
0.187264655106937
0.139294543441989
0.0436243096705666
0.000422267504619034
0.00112350660847266
0.000289651618111564
0.00012883155111033
-1.08615648253329e-19
0
0.00013809901841651
0.000249680943593902
0.00115099735716618
-0.00101544765059732
0.0269279534607454
0.154590503634177
0.199615662635157
0.236657413821859
0.0566314779926372
0.146942003380373
0.0271482965013825
0.283921773704584
0.186359022600869
0.153744555849004
0.0369564412623217
-0.000959236131540916
0.000882001177627859
0.000220938355547867
0.000164344368209632
4.47446909852856e-20
0
0.000164344368209628
0.000220938355547877
0.000882001177627809
-0.000959236131540933
0.0369564412623214
0.153744555849005
0.186359022600869
0.283921773704584
0.0271482965013826
0.146942003380372
0.0566314779926374
0.236657413821859
0.199615662635157
0.154590503634177
0.0269279534607457
-0.00101544765059723
0.00115099735716621
0.000249680943593894
0.000138099018416509
3.22918254106321e-20
