0
0.00131965970635713
0.0335406062052716
0.171589829249634
0.14503551497867
0.147487644296264
0.193172066936015
0.0288967696687508
-0.000498973582816605
-8.10767914565982e-18
0
-0.000498973582816643
0.0288967696687508
0.193172066936015
0.147487644296264
0.14503551497867
0.171589829249634
0.0335406062052716
0.00131965970635713
-3.20982372821088e-18
0
-0.00213006443366538
0.0277258648233904
0.186185121966954
0.138594497266654
0.160583630391163
0.156836802167403
0.0335670370237148
0.000507310719371052
-2.71994661703061e-18
0
-0.00292648341069243
0.0308816946825011
0.171070447578457
0.131416943291155
0.175270100784873
0.163043463416149
0.0333928681684529
-0.00031247725465544
-3.38766957973821e-18
0
-0.00300814926588886
0.032145540064499
0.170953182747043
0.144671307031665
0.167823425091951
0.173015856244002
0.0316388058631935
-0.00171779049625712
-9.84584491536503e-19
0
-0.00171779049625712
0.0316388058631936
0.173015856244002
0.167823425091951
0.144671307031665
0.170953182747043
0.0321455400644988
-0.00300814926588886
-1.30896599377871e-19
0
-0.000312477254655418
0.033392868168453
0.163043463416149
0.175270100784873
0.131416943291155
0.171070447578458
0.0308816946825008
-0.00292648341069246
1.27450027143764e-19
0
0.000507310719371054
0.0335670370237148
0.156836802167403
0.160583630391163
0.138594497266654
0.186185121966954
0.0277258648233902
-0.00213006443366538
-3.17659983917981e-18
0
0.00131965970635713
0.0335406062052716
0.171589829249634
0.14503551497867
0.147487644296264
0.193172066936015
0.0288967696687508
-0.000498973582816605
-8.10767914565982e-18
0
-0.000498973582816643
0.0288967696687508
0.193172066936015
0.147487644296264
0.14503551497867
0.171589829249634
0.0335406062052716
0.00131965970635713
-3.20982372821088e-18
