0
-8.65118716290934e-06
9.35490590657706e-05
-7.42288559571423e-05
0.00321701804572383
0.0139080446915184
0.0784243162615618
0.20214362611745
0.22615387605909
0.063561503549941
0.0436416869467976
0.228112385677801
0.291455324482331
0.19754264081737
0.087834319506681
0.0261481352082485
0.00492701104502638
0.000617166860359263
3.987074570269e-05
9.15752584318276e-06
-8.31772073721612e-21
0
9.1575258431828e-06
3.98707457026899e-05
0.000617166860359262
0.00492701104502639
0.0261481352082486
0.0878343195066811
0.19754264081737
0.291455324482331
0.228112385677801
0.0436416869467976
0.0635615035499411
0.22615387605909
0.20214362611745
0.0784243162615617
0.0139080446915184
0.00321701804572382
-7.42288559571404e-05
9.35490590657705e-05
-8.65118716290937e-06
-8.67682431706822e-20
0
1.82933545964397e-05
7.14335939709663e-06
0.000597120205080732
0.00611724781716424
0.0296177685157833
0.101949380572487
0.222836236632575
0.276121964055678
0.154821526330633
0.0102827197810716
0.0608850182010955
0.213621998565517
0.205861300335162
0.100875247053137
0.0258416459927295
0.00630549107422896
-0.000108277224678428
8.34529457862305e-05
-1.61982358238035e-06
2.01366650377905e-19
0
1.18487826687621e-05
-1.7483299178301e-05
0.000543264175397935
0.00494939798879551
0.0400845447519433
0.122375340411414
0.234568624726329
0.274248821080466
0.141240341034348
0.00261466979799774
0.0977830178452587
0.262486775097203
0.216192758113085
0.0884809228559601
0.0357140664557849
0.00667828175416719
-0.000436742613227316
0.000326595918361756
-6.662656539576e-05
9.33524057101841e-21
0
-4.38370858598065e-05
6.43103570825767e-05
0.000488436265943404
8.52699687423977e-05
0.0180494676704593
0.12614432684383
0.259676745165194
0.270152541197221
0.117385123681823
0.000264508727112571
0.109981147236951
0.283240891629269
0.25424644103837
0.0846232421897855
0.0112901796182775
0.00259922621857356
3.1372464770246e-05
0.000291144361219625
-0.00010196729704577
3.91204981800444e-20
0
-0.00010196729704577
0.000291144361219625
3.1372464770243e-05
0.00259922621857356
0.0112901796182775
0.0846232421897854
0.25424644103837
0.283240891629269
0.109981147236951
0.000264508727112589
0.117385123681823
0.270152541197221
0.259676745165195
0.12614432684383
0.0180494676704593
8.52699687424031e-05
0.000488436265943406
6.43103570825768e-05
-4.38370858598063e-05
4.93745598607845e-20
0
-6.662656539576e-05
0.000326595918361757
-0.000436742613227319
0.0066782817541672
0.0357140664557849
0.0884809228559601
0.216192758113085
0.262486775097203
0.0977830178452589
0.00261466979799773
0.141240341034348
0.274248821080466
0.234568624726329
0.122375340411414
0.0400845447519433
0.00494939798879552
0.000543264175397936
-1.74832991783004e-05
1.18487826687619e-05
-9.55861927123193e-21
0
-1.61982358238035e-06
8.34529457862307e-05
-0.00010827722467843
0.00630549107422898
0.0258416459927295
0.100875247053137
0.205861300335162
0.213621998565517
0.0608850182010956
0.0102827197810716
0.154821526330633
0.276121964055678
0.222836236632575
0.101949380572487
0.0296177685157833
0.00611724781716424
0.000597120205080734
7.14335939709702e-06
1.82933545964394e-05
1.95048933586507e-20
0
-8.65118716290934e-06
9.35490590657706e-05
-7.42288559571423e-05
0.00321701804572383
0.0139080446915184
0.0784243162615618
0.20214362611745
0.22615387605909
0.063561503549941
0.0436416869467976
0.228112385677801
0.291455324482331
0.19754264081737
0.087834319506681
0.0261481352082485
0.00492701104502638
0.000617166860359263
3.987074570269e-05
9.15752584318276e-06
-8.31772073721612e-21
0
9.1575258431828e-06
3.98707457026899e-05
0.000617166860359262
0.00492701104502639
0.0261481352082486
0.0878343195066811
0.19754264081737
0.291455324482331
0.228112385677801
0.0436416869467976
0.0635615035499411
0.22615387605909
0.20214362611745
0.0784243162615617
0.0139080446915184
0.00321701804572382
-7.42288559571404e-05
9.35490590657705e-05
-8.65118716290937e-06
-8.67682431706822e-20
