0
5.54026056238424e-05
0.00528597376291729
0.146033597305282
0.145674366158878
0.15280173355937
0.159694182554919
0.00531572076317904
5.79397175349975e-05
1.98054549147662e-18
0
5.79397175349975e-05
0.00531572076317904
0.159694182554919
0.15280173355937
0.145674366158878
0.146033597305282
0.00528597376291729
5.54026056238424e-05
-9.78994136330994e-18
0
5.84790772611176e-05
0.00528032203736238
0.19064671505552
0.152355070131995
0.145515357507095
0.1704124961151
0.00528464982685055
5.51450290174823e-05
-2.33439459300113e-18
0
5.80121628655346e-05
0.00526908232256893
0.198495989083137
0.14625080644405
0.148667914107134
0.191418047821579
0.00526832882315186
5.42790834587342e-05
2.24029261607661e-18
0
5.65792096091726e-05
0.0052495338344379
0.189456868723429
0.143070332707891
0.146791048714082
0.190397309566839
0.00527205660897757
5.48545995489645e-05
-1.31225438655949e-18
0
5.48545995489645e-05
0.00527205660897757
0.190397309566839
0.146791048714082
0.143070332707891
0.189456868723429
0.00524953383443791
5.65792096091726e-05
7.94396361494089e-18
0
5.42790834587342e-05
0.00526832882315186
0.191418047821579
0.148667914107134
0.14625080644405
0.198495989083138
0.00526908232256893
5.80121628655346e-05
7.55261476637884e-18
0
5.51450290174823e-05
0.00528464982685054
0.1704124961151
0.145515357507095
0.152355070131995
0.19064671505552
0.00528032203736238
5.84790772611176e-05
-2.78449692602054e-18
0
5.54026056238424e-05
0.00528597376291729
0.146033597305282
0.145674366158878
0.15280173355937
0.159694182554919
0.00531572076317904
5.79397175349975e-05
1.98054549147662e-18
0
5.79397175349975e-05
0.00531572076317904
0.159694182554919
0.15280173355937
0.145674366158878
0.146033597305282
0.00528597376291729
5.54026056238424e-05
-9.78994136330994e-18
