0
0.000203375766058051
0.000351211737402197
0.00103892872414542
-0.000804371267802583
0.030530857621967
0.115966899150558
0.253179187882726
0.169180536843949
0.136183277431197
0.161227508490085
0.00893645268984547
0.222174339941813
0.230293872858356
0.136382274292211
0.023035670707917
-0.00652643984235651
0.000231963601474785
0.000571235560619036
-2.27958380511794e-05
1.05345626558126e-19
0
-2.27958380511813e-05
0.000571235560619047
0.000231963601474814
-0.00652643984235654
0.0230356707079171
0.136382274292211
0.230293872858356
0.222174339941812
0.00893645268984524
0.161227508490085
0.136183277431197
0.16918053684395
0.253179187882726
0.115966899150558
0.0305308576219668
-0.000804371267802593
0.00103892872414542
0.000351211737402194
0.000203375766058055
8.60535944130672e-20
0
0.000294531680168084
0.000472082772202265
0.000291236701388832
-0.00486824695922363
0.0225088473410465
0.149390949508577
0.200244573225592
0.262106771701436
0.0495997898333609
0.081884064750716
0.25459488540625
0.129101090740255
0.248253830467602
0.113354195168183
0.0359211294972395
-0.000243903078187041
0.00138370290150254
0.000187167058675891
0.00012407776104819
4.08465097776749e-19
0
0.000355595163147943
7.71346440451681e-05
2.80620576177912e-05
-0.00311445083151025
0.0214752541734739
0.152938455040053
0.182511922127588
0.303323703524591
0.0934213167103787
0.025206960705048
0.274687306459712
0.145532332405917
0.224813272745164
0.122749196933383
0.0464050650893051
0.00142219017202077
0.000460098769749036
0.000420658963882433
0.000134905324405056
3.99074360554779e-19
0
0.000118820408178254
0.000193141797208528
0.000873274611434729
-0.000681347567326443
0.0340749229347096
0.150852418344775
0.185083393569629
0.278626314300305
0.159400078459882
0.0100488820241195
0.218752498724737
0.210828459914273
0.200636725064352
0.134593144809496
0.0414872726837256
-0.000829937747680517
0.00113284745469675
0.000523732339537917
7.26339120645772e-05
4.86427761897825e-20
0
7.26339120645777e-05
0.000523732339537926
0.00113284745469671
-0.000829937747680566
0.0414872726837254
0.134593144809496
0.200636725064352
0.210828459914272
0.218752498724737
0.0100488820241196
0.159400078459882
0.278626314300305
0.185083393569629
0.150852418344775
0.0340749229347102
-0.000681347567326328
0.000873274611434738
0.00019314179720852
0.000118820408178251
3.43342635413889e-20
0
0.000134905324405056
0.000420658963882441
0.000460098769748996
0.00142219017202079
0.0464050650893053
0.122749196933383
0.224813272745163
0.145532332405917
0.274687306459712
0.0252069607050479
0.0934213167103786
0.303323703524591
0.182511922127588
0.152938455040053
0.0214752541734743
-0.00311445083151015
2.80620576177894e-05
7.71346440451611e-05
0.000355595163147942
2.49851213262768e-19
0
0.000124077761048189
0.000187167058675895
0.00138370290150253
-0.000243903078187029
0.0359211294972398
0.113354195168183
0.248253830467602
0.129101090740255
0.254594885406251
0.0818840647507161
0.0495997898333609
0.262106771701436
0.200244573225592
0.149390949508577
0.0225088473410466
-0.00486824695922358
0.000291236701388818
0.000472082772202257
0.000294531680168085
-8.25680930896058e-20
0
0.000203375766058051
0.000351211737402197
0.00103892872414542
-0.000804371267802583
0.030530857621967
0.115966899150558
0.253179187882726
0.169180536843949
0.136183277431197
0.161227508490085
0.00893645268984547
0.222174339941813
0.230293872858356
0.136382274292211
0.023035670707917
-0.00652643984235651
0.000231963601474785
0.000571235560619036
-2.27958380511794e-05
1.05345626558126e-19
0
-2.27958380511813e-05
0.000571235560619047
0.000231963601474814
-0.00652643984235654
0.0230356707079171
0.136382274292211
0.230293872858356
0.222174339941812
0.00893645268984524
0.161227508490085
0.136183277431197
0.16918053684395
0.253179187882726
0.115966899150558
0.0305308576219668
-0.000804371267802593
0.00103892872414542
0.000351211737402194
0.000203375766058055
8.60535944130672e-20
