0
-0.000765785246590012
0.0350793628739088
0.191473102103346
0.141533962317442
0.146738703431122
0.180087771779535
0.0302261942157109
-0.00297790974592242
3.57034741007902e-19
0
-0.00297790974592241
0.0302261942157112
0.180087771779535
0.146738703431122
0.141533962317442
0.191473102103346
0.0350793628739089
-0.000765785246590006
3.72952002336745e-18
0
-0.0018611104256707
0.0320743008660938
0.169829639717552
0.134910806317554
0.151477970371136
0.17870982341674
0.0361747621870496
0.000220391658089793
3.26972282888669e-18
0
-0.000481031113423722
0.0317973270980078
0.172098927012134
0.134425712845895
0.170202061241531
0.161369731633449
0.0372009908749254
0.00103875725263211
-5.71232001116555e-18
0
0.000322551076156913
0.0345714606879104
0.171343354746922
0.154641403731754
0.173655034627561
0.161159033166949
0.0363474047333073
0.000677131062759615
-5.34819186310241e-18
0
0.000677131062759627
0.0363474047333073
0.161159033166949
0.173655034627561
0.154641403731754
0.171343354746922
0.0345714606879103
0.000322551076156907
1.62153211510081e-18
0
0.00103875725263211
0.0372009908749253
0.161369731633448
0.170202061241531
0.134425712845895
0.172098927012134
0.0317973270980076
-0.000481031113423728
3.83506246280888e-18
0
0.000220391658089782
0.0361747621870496
0.17870982341674
0.151477970371136
0.134910806317554
0.169829639717552
0.0320743008660936
-0.00186111042567069
-1.45220026745179e-18
0
-0.000765785246590012
0.0350793628739088
0.191473102103346
0.141533962317442
0.146738703431122
0.180087771779535
0.0302261942157109
-0.00297790974592242
3.57034741007902e-19
0
-0.00297790974592241
0.0302261942157112
0.180087771779535
0.146738703431122
0.141533962317442
0.191473102103346
0.0350793628739089
-0.000765785246590006
3.72952002336745e-18
