0
0.000356282814072764
-7.77833634488349e-05
0.000863258106690975
-0.00331779315110967
0.0332347090013882
0.116013323759025
0.228239945456035
0.126503351209677
0.214755254134112
0.20389308661662
0.030685630430971
0.150506427648007
0.257867741568107
0.113570753930214
0.0457086919021671
-0.0021786511299031
0.00209902244856014
0.000552278401737613
0.000258433220563058
1.91110169525616e-19
0
0.000258433220563061
0.000552278401737615
0.00209902244856012
-0.00217865112990299
0.0457086919021671
0.113570753930213
0.257867741568107
0.150506427648007
0.0306856304309708
0.20389308661662
0.214755254134113
0.126503351209677
0.228239945456035
0.116013323759024
0.0332347090013886
-0.00331779315110961
0.000863258106690979
-7.77833634488464e-05
0.000356282814072768
2.36323357947644e-19
0
0.000345975462026945
0.000443802582337578
0.00150039701000225
-0.00410991675963684
0.04711052682591
0.120096202880192
0.265670026311842
0.175638048801682
0.0156739142155443
0.101109615388888
0.281586449082404
0.164647693124735
0.200238489882165
0.140701550838511
0.0204308264583078
-0.00375304434547844
0.000558061180936675
0.000612817334998328
-0.000108548022756811
1.00226053283343e-19
0
-0.000132457898054403
0.000138710805171108
0.000956128957032671
-0.00595888488363662
0.0368785253106952
0.127619240821198
0.238969596448336
0.239733499203072
0.0543602571011887
0.0234806810358703
0.237549465705174
0.243661239910151
0.18418349187388
0.154917774957538
0.020946559479136
-0.00503224350924364
0.000362058116106929
0.000351588025100933
3.03586976957307e-05
-9.37396517673733e-21
0
-2.13496831016425e-05
0.000641568888440547
0.000865439318026969
-0.00646184751391609
0.0308106793004038
0.139793060659104
0.20114510845914
0.293726010604554
0.122626464632602
0.00901895962444043
0.169969318875103
0.29718488253411
0.182795167646566
0.146807247197976
0.0191840732952721
-0.00678917073278724
0.000245590217409245
0.000414721109891944
0.000362996724467156
-7.47866347931859e-20
0
0.00036299672446715
0.000414721109891948
0.000245590217409275
-0.00678917073278728
0.0191840732952723
0.146807247197976
0.182795167646566
0.29718488253411
0.169969318875103
0.00901895962444038
0.122626464632603
0.293726010604555
0.20114510845914
0.139793060659104
0.0308106793004036
-0.00646184751391606
0.000865439318026941
0.000641568888440551
-2.13496831016427e-05
1.20673504695976e-19
0
3.03586976957258e-05
0.000351588025100944
0.000362058116106958
-0.00503224350924372
0.020946559479136
0.154917774957538
0.18418349187388
0.243661239910151
0.237549465705174
0.0234806810358699
0.0543602571011889
0.239733499203072
0.238969596448336
0.127619240821198
0.0368785253106951
-0.00595888488363665
0.000956128957032658
0.000138710805171107
-0.000132457898054409
-2.07802638399396e-20
0
-0.000108548022756815
0.000612817334998337
0.000558061180936683
-0.00375304434547853
0.0204308264583075
0.140701550838512
0.200238489882165
0.164647693124735
0.281586449082404
0.101109615388888
0.0156739142155444
0.175638048801682
0.265670026311842
0.120096202880192
0.0471105268259098
-0.0041099167596369
0.00150039701000225
0.000443802582337578
0.000345975462026942
1.44100804128913e-19
0
0.000356282814072764
-7.77833634488349e-05
0.000863258106690975
-0.00331779315110967
0.0332347090013882
0.116013323759025
0.228239945456035
0.126503351209677
0.214755254134112
0.20389308661662
0.030685630430971
0.150506427648007
0.257867741568107
0.113570753930214
0.0457086919021671
-0.0021786511299031
0.00209902244856014
0.000552278401737613
0.000258433220563058
1.91110169525616e-19
0
0.000258433220563061
0.000552278401737615
0.00209902244856012
-0.00217865112990299
0.0457086919021671
0.113570753930213
0.257867741568107
0.150506427648007
0.0306856304309708
0.20389308661662
0.214755254134113
0.126503351209677
0.228239945456035
0.116013323759024
0.0332347090013886
-0.00331779315110961
0.000863258106690979
-7.77833634488464e-05
0.000356282814072768
2.36323357947644e-19
