0
5.69399783444911e-05
0.0052857503232272
0.189077346278266
0.153018757938521
0.148739141079016
0.190407327829933
0.00529203581004852
5.71963981643792e-05
-5.90777708395045e-18
0
5.71963981643792e-05
0.00529203581004852
0.190407327829933
0.148739141079016
0.153018757938521
0.189077346278266
0.0052857503232272
5.69399783444911e-05
-2.42093211439381e-19
0
5.59895057678148e-05
0.00528991331732791
0.171444215542039
0.14366890981646
0.14867154715088
0.195069343462694
0.00528144483396465
5.67366224900663e-05
-1.02698849823843e-17
0
5.50139998375711e-05
0.00528923511981474
0.148926049600007
0.144891422689816
0.145038299887207
0.199710492916936
0.00528146800314066
5.60374181814523e-05
2.40647798357834e-18
0
5.50604213299449e-05
0.00528394733512908
0.154875212837662
0.148379961467444
0.147071444684794
0.183403668233152
0.00528357942168419
5.53719940314985e-05
-4.59251590847897e-18
0
5.53719940314985e-05
0.00528357942168419
0.183403668233152
0.147071444684794
0.148379961467444
0.154875212837662
0.00528394733512908
5.50604213299449e-05
-8.3028582734001e-18
0
5.60374181814523e-05
0.00528146800314066
0.199710492916936
0.145038299887207
0.144891422689816
0.148926049600007
0.00528923511981474
5.50139998375711e-05
-5.65782272754203e-18
0
5.67366224900663e-05
0.00528144483396464
0.195069343462693
0.14867154715088
0.14366890981646
0.171444215542039
0.00528991331732791
5.59895057678148e-05
6.93012910646216e-18
0
5.69399783444911e-05
0.0052857503232272
0.189077346278266
0.153018757938521
0.148739141079016
0.190407327829933
0.00529203581004852
5.71963981643792e-05
-5.90777708395045e-18
0
5.71963981643792e-05
0.00529203581004852
0.190407327829933
0.148739141079016
0.153018757938521
0.189077346278266
0.0052857503232272
5.69399783444911e-05
-2.42093211439381e-19
