0
0.0035805445359714
0.000417148760441972
0.183769536667623
0.144592696126886
0.169829363452356
0.178752087961282
0.0120741831292425
-0.00294180466669411
3.43132169584301e-19
0
-0.00294180466669405
0.0120741831292425
0.178752087961282
0.169829363452356
0.144592696126886
0.183769536667623
0.000417148760442021
0.00358054453597141
8.60889757862333e-18
0
-0.0027432097194747
0.0181955633481799
0.183137977365848
0.150495347193195
0.147244221337698
0.164077669460528
0.0239095786472204
0.00765027212863532
7.71817389245875e-18
0
7.89116250464804e-05
0.018080765151091
0.193490636629914
0.149190027707122
0.150117785080601
0.138027846963176
0.02472792691823
0.00075310778792735
6.27031773506126e-18
0
0.00108658572401743
0.00828466837278729
0.21181843357639
0.143340571444332
0.14622479459514
0.172559998581831
0.0130460493933005
-0.00270359679576386
4.1389432666049e-19
0
-0.00270359679576389
0.0130460493933005
0.17255999858183
0.14622479459514
0.143340571444332
0.21181843357639
0.00828466837278734
0.00108658572401749
-5.52874317981591e-18
0
0.000753107787927333
0.0247279269182301
0.138027846963176
0.150117785080601
0.149190027707122
0.193490636629914
0.0180807651510911
7.89116250464977e-05
2.65585546727802e-18
0
0.0076502721286353
0.0239095786472205
0.164077669460528
0.147244221337698
0.150495347193195
0.183137977365848
0.0181955633481799
-0.00274320971947479
-1.14402143315085e-18
0
0.0035805445359714
0.000417148760441972
0.183769536667623
0.144592696126886
0.169829363452356
0.178752087961282
0.0120741831292425
-0.00294180466669411
3.43132169584301e-19
0
-0.00294180466669405
0.0120741831292425
0.178752087961282
0.169829363452356
0.144592696126886
0.183769536667623
0.000417148760442021
0.00358054453597141
8.60889757862333e-18
