0
0.000324857129657159
0.000446568610267357
0.000545937058961998
-0.00148421812480319
0.021204992532059
0.140479427427375
0.228213010591176
0.205165290152479
0.0919648809670776
0.151443089853994
0.0162808897566313
0.256198017291144
0.19937332592828
0.153149860382516
0.0244699488764937
-0.00302611498325875
0.000374241963222932
0.000153473496757645
9.02634639980571e-05
-2.57988072839989e-20
0
9.02634639980584e-05
0.000153473496757653
0.00037424196322293
-0.00302611498325889
0.0244699488764936
0.153149860382516
0.19937332592828
0.256198017291143
0.0162808897566312
0.151443089853994
0.0919648809670779
0.205165290152479
0.228213010591176
0.140479427427375
0.0212049925320591
-0.00148421812480318
0.00054593705896198
0.000446568610267351
0.000324857129657159
-2.25856619785644e-20
0
9.99375003025835e-05
0.000468533608290998
0.00117181082577755
-0.000554872836118592
0.0341801795239694
0.156454266447625
0.18654025820155
0.290169277601416
0.0619405427347246
0.0845495060411923
0.221053430366432
0.149380214824984
0.252298476503265
0.129691467623935
0.0224597177302958
-0.0010782705164012
0.000772154667628612
0.00029143396719997
9.0576224615298e-05
-5.67014285512555e-20
0
0.000146679456328616
0.000379380369659253
0.000924439290324769
-0.000930812919337925
0.0390727739706915
0.143836681386172
0.186858990503179
0.293609083696455
0.10530332638466
0.0327707698849616
0.280166261199344
0.126885642237676
0.250309106928978
0.118020205950865
0.0348722669308599
9.40767585624623e-05
0.000377205082183224
0.000580934442944114
-2.43233707843163e-05
8.88407022548252e-21
0
0.000151044272332122
0.000180004678671781
0.000978118463408319
0.00062512277484737
0.044660250524216
0.126162761540937
0.202195718620898
0.230555886615073
0.180984453136259
0.0113848530602562
0.24448217358179
0.159567613603128
0.227452743255524
0.111900409194081
0.0367373582951617
-0.000499732002551942
0.00125177752057851
0.000435082026111
0.000133535676046079
-5.80506816882114e-20
0
0.000133535676046077
0.000435082026111
0.0012517775205785
-0.000499732002551937
0.036737358295162
0.111900409194082
0.227452743255524
0.159567613603128
0.24448217358179
0.0113848530602562
0.180984453136259
0.230555886615073
0.202195718620898
0.126162761540937
0.0446602505242158
0.000625122774847317
0.000978118463408351
0.000180004678671776
0.000151044272332125
-1.85597122523249e-20
0
-2.43233707843187e-05
0.000580934442944116
0.000377205082183235
9.40767585624531e-05
0.03487226693086
0.118020205950865
0.250309106928978
0.126885642237676
0.280166261199344
0.032770769884961
0.105303326384661
0.293609083696455
0.186858990503179
0.143836681386172
0.0390727739706917
-0.000930812919337913
0.000924439290324815
0.000379380369659241
0.000146679456328618
-6.87075905394725e-20
0
9.0576224615297e-05
0.000291433967199974
0.000772154667628634
-0.00107827051640122
0.0224597177302958
0.129691467623935
0.252298476503265
0.149380214824984
0.221053430366432
0.0845495060411924
0.0619405427347247
0.290169277601416
0.18654025820155
0.156454266447625
0.0341801795239698
-0.000554872836118478
0.00117181082577757
0.000468533608290985
9.99375003025845e-05
3.02047730808666e-20
0
0.000324857129657159
0.000446568610267357
0.000545937058961998
-0.00148421812480319
0.021204992532059
0.140479427427375
0.228213010591176
0.205165290152479
0.0919648809670776
0.151443089853994
0.0162808897566313
0.256198017291144
0.19937332592828
0.153149860382516
0.0244699488764937
-0.00302611498325875
0.000374241963222932
0.000153473496757645
9.02634639980571e-05
-2.57988072839989e-20
0
9.02634639980584e-05
0.000153473496757653
0.00037424196322293
-0.00302611498325889
0.0244699488764936
0.153149860382516
0.19937332592828
0.256198017291143
0.0162808897566312
0.151443089853994
0.0919648809670779
0.205165290152479
0.228213010591176
0.140479427427375
0.0212049925320591
-0.00148421812480318
0.00054593705896198
0.000446568610267351
0.000324857129657159
-2.25856619785644e-20
