0
0.000251724588388319
9.90131884792586e-05
0.00164377602909164
-0.00184611966901997
0.0424112500993719
0.102275357905574
0.249561250781238
0.139892271988882
0.178516102313684
0.179544703633933
0.0113527596361109
0.185649391129835
0.25975050742031
0.117154182955825
0.0374484402606599
-0.00611565175914428
0.000850633275798076
0.000519792064040912
0.00010518042963883
1.99677680046023e-20
0
0.000105180429638829
0.000519792064040911
0.000850633275798095
-0.00611565175914426
0.03744844026066
0.117154182955825
0.25975050742031
0.185649391129834
0.0113527596361108
0.179544703633932
0.178516102313684
0.139892271988882
0.249561250781238
0.102275357905574
0.0424112500993716
-0.0018461196690199
0.00164377602909165
9.9013188479255e-05
0.000251724588388314
2.70497000298242e-19
0
0.000294813227181508
0.000502804735229312
0.000574693795721373
-0.00654522492530656
0.0332563945165239
0.134023261599738
0.23561405621285
0.22133039348323
0.0315102116304047
0.0875498512742176
0.274257826040896
0.133972557086564
0.223287258534981
0.121154564003318
0.0410379304547245
-0.00154120507034929
0.00157378042067465
0.000159072355151308
0.000208524086298566
3.77752601037574e-19
0
-5.68683967921825e-06
0.00034258902917658
0.000218707805111732
-0.00657667291358027
0.0201646532392211
0.142146103253419
0.199627674920717
0.282422026120438
0.0772952944280207
0.0221465026929841
0.258204044954171
0.189984725395121
0.199426720456727
0.146202355779444
0.0381966494645185
-0.00062671377992212
0.000212960915200725
5.85038660625944e-05
0.000383181006515736
2.73356770505339e-19
0
-7.29280184254864e-05
0.000631116974910105
0.000426413846646764
-0.00494044438806228
0.0209708005322461
0.152161913674257
0.182015597144232
0.301869103138804
0.141047074958305
0.00924287591609202
0.192499764125347
0.263653683202811
0.184774243414328
0.15310011658719
0.0241650453260085
-0.00361430003577996
4.59600320565215e-05
0.000404744353542581
0.000223327254251783
1.05962858793813e-19
0
0.000223327254251783
0.000404744353542589
4.59600320565251e-05
-0.00361430003578007
0.0241650453260083
0.153100116587191
0.184774243414328
0.263653683202811
0.192499764125347
0.00924287591609196
0.141047074958305
0.301869103138804
0.182015597144232
0.152161913674257
0.020970800532246
-0.00494044438806221
0.000426413846646745
0.000631116974910094
-7.29280184254843e-05
1.49849779121253e-20
0
0.000383181006515735
5.85038660626028e-05
0.000212960915200719
-0.000626713779922234
0.038196649464518
0.146202355779444
0.199426720456727
0.189984725395121
0.258204044954171
0.0221465026929837
0.0772952944280209
0.282422026120438
0.199627674920717
0.142146103253419
0.0201646532392209
-0.00657667291358023
0.000218707805111702
0.000342589029176569
-5.68683967921358e-06
-2.54238313306201e-20
0
0.000208524086298568
0.000159072355151315
0.00157378042067463
-0.00154120507034937
0.0410379304547244
0.121154564003318
0.223287258534981
0.133972557086564
0.274257826040897
0.0875498512742177
0.0315102116304049
0.221330393483231
0.235614056212849
0.134023261599738
0.0332563945165237
-0.00654522492530652
0.000574693795721343
0.000502804735229309
0.000294813227181513
2.78877215876468e-20
0
0.000251724588388319
9.90131884792586e-05
0.00164377602909164
-0.00184611966901997
0.0424112500993719
0.102275357905574
0.249561250781238
0.139892271988882
0.178516102313684
0.179544703633933
0.0113527596361109
0.185649391129835
0.25975050742031
0.117154182955825
0.0374484402606599
-0.00611565175914428
0.000850633275798076
0.000519792064040912
0.00010518042963883
1.99677680046023e-20
0
0.000105180429638829
0.000519792064040911
0.000850633275798095
-0.00611565175914426
0.03744844026066
0.117154182955825
0.25975050742031
0.185649391129834
0.0113527596361108
0.179544703633932
0.178516102313684
0.139892271988882
0.249561250781238
0.102275357905574
0.0424112500993716
-0.0018461196690199
0.00164377602909165
9.9013188479255e-05
0.000251724588388314
2.70497000298242e-19
