0
0.000336584724382256
0.000330626863847544
0.000278572243492918
-0.00352382099777482
0.00836489082738548
0.131995213055291
0.206622877616505
0.138563942712591
0.243222712982985
0.229092172894486
0.0681131344665185
0.128019073709467
0.231593804757034
0.135595166781122
0.027778405150476
0.00380098489412596
0.0011042520665405
0.000657992958527332
7.4048067711309e-05
-2.37901683556004e-19
0
7.40480677113091e-05
0.00065799295852734
0.00110425206654049
0.00380098489412596
0.0277784051504756
0.135595166781122
0.231593804757034
0.128019073709466
0.0681131344665183
0.229092172894486
0.243222712982985
0.138563942712591
0.206622877616505
0.131995213055291
0.00836489082738552
-0.00352382099777476
0.00027857224349288
0.000330626863847546
0.000336584724382258
-1.39276822501937e-19
0
0.000441862835632016
5.26101506977564e-05
0.00126496536843575
0.00132259612783003
0.04367232911872
0.128538650340826
0.258254501459843
0.133331689231964
0.0118936511206989
0.119905026308078
0.280522287960883
0.213375720931781
0.183099188446874
0.140030726977927
0.00835861624908661
-0.0052029874920611
0.00052379517896089
0.000699692977150226
-0.00023193349382845
-3.38323360613006e-19
0
4.90860100194984e-05
-0.000162117844685517
0.0018725030409206
-0.0013514132921482
0.0479574377945094
0.119000195188414
0.268975673161024
0.186794360379637
0.0299110320415909
0.0264203223828198
0.2161077398769
0.286641517035561
0.181413577688704
0.143995958480121
0.0266400431709251
-0.00629014370496673
0.0012228722263394
9.19824157726781e-05
-2.85925310389359e-05
-3.10519304456157e-20
0
0.000140872285760413
0.000732981651618676
0.00202626507083352
-0.00385125333562744
0.0454827285736955
0.124496497051757
0.241415812505538
0.259404273587862
0.102780771155485
0.0088785326347712
0.149973553880956
0.300246786488627
0.203899661440096
0.133502684858573
0.0355135197874
-0.00574238819105095
0.000972474056399625
0.00030845710602891
0.000451770983322981
-2.53632468266028e-19
0
0.000451770983322984
0.000308457106028908
0.000972474056399638
-0.00574238819105093
0.0355135197873999
0.133502684858573
0.203899661440096
0.300246786488627
0.149973553880955
0.00887853263477117
0.102780771155485
0.259404273587862
0.241415812505538
0.124496497051757
0.0454827285736954
-0.00385125333562747
0.00202626507083351
0.00073298165161868
0.000140872285760407
4.44223164938748e-20
0
-2.85925310389263e-05
9.19824157726745e-05
0.00122287222633943
-0.00629014370496674
0.0266400431709251
0.143995958480121
0.181413577688704
0.286641517035561
0.216107739876899
0.0264203223828195
0.0299110320415909
0.186794360379637
0.268975673161024
0.119000195188415
0.0479574377945094
-0.00135141329214828
0.00187250304092061
-0.00016211784468552
4.90860100194937e-05
1.43427567163922e-19
0
-0.000231933493828443
0.000699692977150218
0.00052379517896092
-0.00520298749206113
0.00835861624908675
0.140030726977927
0.183099188446874
0.213375720931781
0.280522287960883
0.119905026308078
0.011893651120699
0.133331689231964
0.258254501459843
0.128538650340826
0.0436723291187203
0.00132259612782995
0.00126496536843577
5.26101506977485e-05
0.000441862835632017
2.25715547091082e-20
0
0.000336584724382256
0.000330626863847544
0.000278572243492918
-0.00352382099777482
0.00836489082738548
0.131995213055291
0.206622877616505
0.138563942712591
0.243222712982985
0.229092172894486
0.0681131344665185
0.128019073709467
0.231593804757034
0.135595166781122
0.027778405150476
0.00380098489412596
0.0011042520665405
0.000657992958527332
7.4048067711309e-05
-2.37901683556004e-19
0
7.40480677113091e-05
0.00065799295852734
0.00110425206654049
0.00380098489412596
0.0277784051504756
0.135595166781122
0.231593804757034
0.128019073709466
0.0681131344665183
0.229092172894486
0.243222712982985
0.138563942712591
0.206622877616505
0.131995213055291
0.00836489082738552
-0.00352382099777476
0.00027857224349288
0.000330626863847546
0.000336584724382258
-1.39276822501937e-19
