0
4.02340331423619e-05
-3.50217218755052e-05
0.000602333236246238
0.00412315329914538
0.0171925190569062
0.0683735325263197
0.194342867141711
0.214484541902216
0.0624946718614358
0.10285514173744
0.262998075902287
0.281661785063388
0.190255417872002
0.090198172146228
0.0339427443246714
0.003771555212146
0.000583655343121951
-1.19142801852211e-05
-3.66776920615979e-05
-3.92939563533618e-20
0
-3.6677692061598e-05
-1.19142801852214e-05
0.00058365534312195
0.00377155521214599
0.0339427443246714
0.0901981721462281
0.190255417872002
0.281661785063388
0.262998075902287
0.10285514173744
0.0624946718614359
0.214484541902216
0.194342867141711
0.0683735325263196
0.0171925190569061
0.00412315329914538
0.000602333236246239
-3.50217218755049e-05
4.02340331423617e-05
2.47632707348188e-20
0
-8.3448817958506e-05
0.000212027593812221
0.000382494112015632
0.000149325008445011
0.0241599193525024
0.122978771019691
0.229467139810163
0.276917130219357
0.168489158748057
0.0289966502036941
0.0202670328131534
0.170831751923227
0.226831227699698
0.105266379382634
0.0199997422649381
0.00234860730954326
0.000756003112203446
-0.000104342315764962
5.14374144266961e-05
7.99757400670481e-20
0
-3.41561360509623e-06
0.000315276574519478
-0.000151708494063672
0.00257504333730294
0.00867853959902939
0.109530590348085
0.255378553393786
0.274326890711922
0.148549904738546
0.00673370692030067
0.0674378407541651
0.21103740419862
0.223454675199375
0.129544012764951
0.0318217947810361
0.00445343313124721
0.000843939056584578
-0.000105700622969064
7.46440479561578e-05
1.02398138529894e-19
0
0.000116707213824868
1.58470315672821e-07
-0.000163935014246697
0.00841594449081042
0.030980675851898
0.0880936943674752
0.257560888944897
0.277965380221213
0.113596555605874
0.000611239104364461
0.0999759838194662
0.26905565230667
0.227141697437576
0.105455521087223
0.0390471775323368
0.00812131412786416
0.000959002238316864
-0.000238692678824581
0.000128825868960982
1.54577998301307e-19
0
0.000128825868960982
-0.000238692678824581
0.000959002238316859
0.00812131412786418
0.0390471775323368
0.105455521087223
0.227141697437576
0.26905565230667
0.0999759838194663
0.000611239104364469
0.113596555605875
0.277965380221213
0.257560888944897
0.0880936943674753
0.030980675851898
0.0084159444908104
-0.000163935014246694
1.5847031567274e-07
0.000116707213824868
5.03664353788294e-21
0
7.4644047956158e-05
-0.000105700622969066
0.000843939056584578
0.00445343313124722
0.0318217947810362
0.129544012764951
0.223454675199375
0.21103740419862
0.0674378407541653
0.00673370692030065
0.148549904738546
0.274326890711922
0.255378553393786
0.109530590348085
0.00867853959902943
0.00257504333730294
-0.00015170849406367
0.000315276574519477
-3.41561360509617e-06
-9.23963182378327e-20
0
5.14374144266959e-05
-0.000104342315764962
0.000756003112203446
0.00234860730954326
0.0199997422649381
0.105266379382634
0.226831227699698
0.170831751923227
0.0202670328131533
0.0289966502036941
0.168489158748057
0.276917130219357
0.229467139810163
0.122978771019691
0.0241599193525025
0.000149325008445014
0.000382494112015635
0.00021202759381222
-8.34488179585057e-05
-3.80596105719179e-20
0
4.02340331423619e-05
-3.50217218755052e-05
0.000602333236246238
0.00412315329914538
0.0171925190569062
0.0683735325263197
0.194342867141711
0.214484541902216
0.0624946718614358
0.10285514173744
0.262998075902287
0.281661785063388
0.190255417872002
0.090198172146228
0.0339427443246714
0.003771555212146
0.000583655343121951
-1.19142801852211e-05
-3.66776920615979e-05
-3.92939563533618e-20
0
-3.6677692061598e-05
-1.19142801852214e-05
0.00058365534312195
0.00377155521214599
0.0339427443246714
0.0901981721462281
0.190255417872002
0.281661785063388
0.262998075902287
0.10285514173744
0.0624946718614359
0.214484541902216
0.194342867141711
0.0683735325263196
0.0171925190569061
0.00412315329914538
0.000602333236246239
-3.50217218755049e-05
4.02340331423617e-05
2.47632707348188e-20
