0
-9.16205882365332e-05
-2.89484352155279e-06
0.00112560814050685
-0.000260709171783722
0.0132657872148869
0.0719089366674486
0.182428531667184
0.21039218264791
0.098966679511018
0.172814254068736
0.280926630928862
0.27417464382686
0.194404960849825
0.092035062578718
0.00211774616736875
0.00295514154799851
-0.000574833146379479
0.000233813562183412
8.13520094853297e-05
-1.04919690714957e-19
0
8.13520094853295e-05
0.000233813562183413
-0.000574833146379482
0.00295514154799851
0.00211774616736869
0.0920350625787178
0.194404960849825
0.27417464382686
0.280926630928862
0.172814254068736
0.0989666795110181
0.21039218264791
0.182428531667184
0.0719089366674486
0.0132657872148869
-0.000260709171783727
0.00112560814050685
-2.89484352155407e-06
-9.16205882365319e-05
1.04269172376115e-19
0
0.000124515667145155
-0.000197899785318835
0.000157752486198942
0.00781454661156742
0.0212316745603178
0.0876916854606651
0.244493160551641
0.280257773813586
0.187901090251694
0.061724180395568
0.0035194213446423
0.131484021677017
0.221922476004866
0.100259472616757
0.0226078218271625
0.00052760796367866
0.00105247930524018
-4.80766321606379e-05
5.308782741055e-05
-1.24183788058364e-19
0
2.43736809941263e-05
-0.000145955133465775
0.00118107376376179
0.00873154397143069
0.0387018157462639
0.0885121084596464
0.249836216794858
0.281852851539746
0.156088194250349
0.0157488476552988
0.0307775640980468
0.143887693648739
0.235110619686356
0.141127518886986
0.0319710884751999
0.00781518211363332
0.00147214407769926
-1.69031917479882e-05
9.93537945449205e-05
-2.18055686052543e-20
0
-5.10572393920306e-05
4.50268022964141e-05
0.000987593561775108
0.00548321252284492
0.041458020383672
0.122207711128688
0.234225506839056
0.275229879571011
0.108058358280472
0.00112593522672177
0.0831761305298131
0.225263962509746
0.22712338446601
0.147367488710201
0.0375245994818603
0.00375886703323844
0.00113882522929527
8.67072387309667e-05
-2.12091477264558e-05
1.33509870088765e-19
0
-2.12091477264561e-05
8.67072387309674e-05
0.00113882522929527
0.00375886703323844
0.0375245994818603
0.147367488710201
0.22712338446601
0.225263962509746
0.0831761305298132
0.00112593522672176
0.108058358280472
0.275229879571011
0.234225506839056
0.122207711128688
0.0414580203836721
0.00548321252284491
0.000987593561775109
4.50268022964149e-05
-5.10572393920305e-05
-2.51323751352063e-21
0
9.93537945449205e-05
-1.69031917479884e-05
0.00147214407769926
0.00781518211363332
0.0319710884752
0.141127518886986
0.235110619686356
0.143887693648739
0.0307775640980469
0.0157488476552987
0.156088194250349
0.281852851539746
0.249836216794859
0.0885121084596464
0.0387018157462638
0.00873154397143068
0.00118107376376179
-0.000145955133465773
2.43736809941259e-05
9.01156426209895e-20
0
5.30878274105496e-05
-4.80766321606376e-05
0.00105247930524019
0.000527607963678669
0.0226078218271625
0.100259472616757
0.221922476004866
0.131484021677017
0.00351942134464222
0.0617241803955679
0.187901090251694
0.280257773813586
0.244493160551641
0.0876916854606653
0.0212316745603178
0.0078145466115674
0.000157752486198947
-0.000197899785318834
0.000124515667145155
1.96510876337719e-20
0
-9.16205882365332e-05
-2.89484352155279e-06
0.00112560814050685
-0.000260709171783722
0.0132657872148869
0.0719089366674486
0.182428531667184
0.21039218264791
0.098966679511018
0.172814254068736
0.280926630928862
0.27417464382686
0.194404960849825
0.092035062578718
0.00211774616736875
0.00295514154799851
-0.000574833146379479
0.000233813562183412
8.13520094853297e-05
-1.04919690714957e-19
0
8.13520094853295e-05
0.000233813562183413
-0.000574833146379482
0.00295514154799851
0.00211774616736869
0.0920350625787178
0.194404960849825
0.27417464382686
0.280926630928862
0.172814254068736
0.0989666795110181
0.21039218264791
0.182428531667184
0.0719089366674486
0.0132657872148869
-0.000260709171783727
0.00112560814050685
-2.89484352155407e-06
-9.16205882365319e-05
1.04269172376115e-19
