0
-2.98252833532691e-05
0.000398396616682775
-0.000520461615262282
0.00467605866000202
0.00346456128431353
0.0472168423872499
0.185795197238465
0.227471269462176
0.164790491447583
0.232388653596898
0.283895335073107
0.275537648531365
0.18779954275055
0.0532461792569063
0.0289047163879674
0.00575806128044851
0.00117888430402884
-9.81556789215815e-05
-4.29930032496113e-05
2.04042938900834e-20
0
-4.2993003249612e-05
-9.81556789215815e-05
0.00117888430402884
0.00575806128044852
0.0289047163879674
0.0532461792569062
0.187799542750549
0.275537648531365
0.283895335073107
0.232388653596898
0.164790491447584
0.227471269462176
0.185795197238465
0.0472168423872501
0.00346456128431352
0.004676058660002
-0.000520461615262289
0.000398396616682776
-2.98252833532689e-05
6.15485858501148e-19
0
-9.30738666057624e-06
0.000112942995684412
0.000903478938513307
0.00488943220820605
0.0386962453880562
0.0875671117224833
0.227109613329672
0.291777153867711
0.20893135291386
0.105506692073269
0.0271589344992174
0.116416613428976
0.210225863766929
0.098320395738064
0.0103573385180951
0.00322869761382838
-0.00026153563173801
0.000671854279848254
-0.000340507437533723
6.72062228514646e-19
0
4.75963537508968e-05
1.17165737376232e-05
0.00161843259020895
0.00405324393361063
0.0398204586583386
0.130658399389334
0.229362441632407
0.284180254758132
0.162594304446706
0.0301455406492025
0.00403762966685095
0.07914806710835
0.218522875094443
0.147452563044651
0.0377449133850256
0.00256746240240634
0.000253993762923172
0.000764523089434891
-0.000388087307219571
3.3755372028367e-19
0
-0.000168934604224345
0.000327484522315329
0.00185555281989433
0.00871724326511393
0.043567810349056
0.158520826148362
0.231132001817613
0.246843608259486
0.0997398908014028
0.00170919372147317
0.0601941911276271
0.155720467610282
0.228164039363079
0.160760248997189
0.0414780418291771
0.00462318010241205
-0.000172844476462118
0.000783727878765867
-0.000276220191220137
3.24192676558448e-19
0
-0.000276220191220135
0.000783727878765863
-0.000172844476462107
0.00462318010241205
0.0414780418291773
0.160760248997189
0.228164039363079
0.155720467610282
0.060194191127627
0.00170919372147319
0.0997398908014031
0.246843608259486
0.231132001817613
0.158520826148362
0.0435678103490559
0.00871724326511393
0.00185555281989433
0.000327484522315329
-0.000168934604224345
-3.66850369623777e-20
0
-0.000388087307219572
0.000764523089434886
0.000253993762923187
0.00256746240240629
0.0377449133850256
0.147452563044651
0.218522875094443
0.07914806710835
0.00403762966685099
0.0301455406492025
0.162594304446707
0.284180254758132
0.229362441632407
0.130658399389333
0.0398204586583384
0.00405324393361062
0.00161843259020895
1.17165737376214e-05
4.75963537508972e-05
8.31449581973512e-20
0
-0.000340507437533725
0.000671854279848253
-0.000261535631738
0.00322869761382837
0.010357338518095
0.098320395738064
0.210225863766929
0.116416613428976
0.0271589344992173
0.105506692073268
0.20893135291386
0.291777153867711
0.227109613329672
0.0875671117224833
0.0386962453880562
0.00488943220820601
0.000903478938513308
0.00011294299568441
-9.30738666057561e-06
3.04163979402772e-20
0
-2.98252833532691e-05
0.000398396616682775
-0.000520461615262282
0.00467605866000202
0.00346456128431353
0.0472168423872499
0.185795197238465
0.227471269462176
0.164790491447583
0.232388653596898
0.283895335073107
0.275537648531365
0.18779954275055
0.0532461792569063
0.0289047163879674
0.00575806128044851
0.00117888430402884
-9.81556789215815e-05
-4.29930032496113e-05
2.04042938900834e-20
0
-4.2993003249612e-05
-9.81556789215815e-05
0.00117888430402884
0.00575806128044852
0.0289047163879674
0.0532461792569062
0.187799542750549
0.275537648531365
0.283895335073107
0.232388653596898
0.164790491447584
0.227471269462176
0.185795197238465
0.0472168423872501
0.00346456128431352
0.004676058660002
-0.000520461615262289
0.000398396616682776
-2.98252833532689e-05
6.15485858501148e-19
