0
0.000319220653971823
-0.000344704893738905
0.00156108014221547
8.25858994619448e-05
0.021098210808729
0.0366575906274416
0.1782531978664
0.262503965202646
0.230729988104578
0.265488433870514
0.286298835260532
0.270062323067894
0.152637076665468
0.0689035245684351
0.0224423810186735
0.00184682511271817
0.00163739086384828
4.37246156493458e-05
-0.000118679928234478
-2.03009875262195e-19
0
-0.000118679928234476
4.37246156493452e-05
0.00163739086384829
0.00184682511271817
0.0224423810186737
0.0689035245684352
0.152637076665468
0.270062323067894
0.286298835260532
0.265488433870515
0.230729988104578
0.262503965202646
0.1782531978664
0.0366575906274416
0.0210982108087289
8.2585899461927e-05
0.00156108014221547
-0.000344704893738906
0.000319220653971825
2.59911832715351e-19
0
-0.000222426829191283
0.000641835989600909
0.00113435253059842
0.00800024638683726
0.0333756890393126
0.122103860858834
0.204851545427902
0.288285103212948
0.24183265891327
0.153702655677177
0.0897606024871291
0.14054918858183
0.21568137937876
0.0854070871645387
0.0126332846096967
0.00116897280358708
0.00179170989279746
-0.000474355140333656
0.000330627569279345
-2.01868481178629e-19
0
-8.8024803513396e-06
0.000858494829105848
-0.000410562371337137
0.00544465967726083
0.0436359789455854
0.157706591686533
0.226727673858021
0.268156491530885
0.176960686919025
0.0570133606636862
0.00300936362388006
0.0394757867518612
0.192855659825422
0.152323516588074
0.0188982107723082
0.0035372766618926
0.00213476926055397
-0.000595710071447323
0.000344840591352052
8.55398583315309e-20
0
0.00042090164924645
0.000218791785780398
0.000539467695921188
0.00631399990969989
0.0596033213335159
0.175762726778076
0.226395186936812
0.188662614119477
0.0883454855257956
0.00327134985707858
0.0329709000202138
0.0727055100349987
0.1932499320401
0.178676817045267
0.0488224193302854
0.00179296870551163
0.00225808226753441
-0.000600080415291822
0.000519178441010796
2.55614321713754e-19
0
0.000519178441010795
-0.000600080415291821
0.00225808226753443
0.00179296870551157
0.0488224193302854
0.178676817045268
0.1932499320401
0.0727055100349987
0.0329709000202138
0.00327134985707862
0.0883454855257958
0.188662614119477
0.226395186936812
0.175762726778075
0.0596033213335158
0.00631399990969994
0.000539467695921178
0.000218791785780396
0.000420901649246451
-5.31567178422203e-20
0
0.000344840591352051
-0.00059571007144732
0.00213476926055397
0.00353727666189263
0.0188982107723081
0.152323516588074
0.192855659825422
0.0394757867518611
0.00300936362388002
0.0570133606636862
0.176960686919025
0.268156491530884
0.226727673858021
0.157706591686533
0.0436359789455853
0.00544465967726083
-0.000410562371337146
0.000858494829105848
-8.80248035133616e-06
-2.60410378808913e-19
0
0.000330627569279345
-0.000474355140333656
0.00179170989279747
0.00116897280358708
0.0126332846096967
0.0854070871645385
0.21568137937876
0.14054918858183
0.0897606024871289
0.153702655677177
0.24183265891327
0.288285103212948
0.204851545427902
0.122103860858834
0.0333756890393125
0.00800024638683727
0.00113435253059841
0.000641835989600911
-0.000222426829191283
-2.85277844361406e-19
0
0.000319220653971823
-0.000344704893738905
0.00156108014221547
8.25858994619448e-05
0.021098210808729
0.0366575906274416
0.1782531978664
0.262503965202646
0.230729988104578
0.265488433870514
0.286298835260532
0.270062323067894
0.152637076665468
0.0689035245684351
0.0224423810186735
0.00184682511271817
0.00163739086384828
4.37246156493458e-05
-0.000118679928234478
-2.03009875262195e-19
0
-0.000118679928234476
4.37246156493452e-05
0.00163739086384829
0.00184682511271817
0.0224423810186737
0.0689035245684352
0.152637076665468
0.270062323067894
0.286298835260532
0.265488433870515
0.230729988104578
0.262503965202646
0.1782531978664
0.0366575906274416
0.0210982108087289
8.2585899461927e-05
0.00156108014221547
-0.000344704893738906
0.000319220653971825
2.59911832715351e-19
