0
-0.00521893752496287
0.0373849620947271
0.162991873715669
0.16935034856388
0.173474817793472
0.140518352010094
0.0183086168713137
-0.00201263934880442
-1.81429875877252e-18
0
-0.00201263934880444
0.0183086168713136
0.140518352010094
0.173474817793472
0.16935034856388
0.162991873715669
0.0373849620947272
-0.0052189375249629
1.93976745105276e-18
0
0.000145697656758717
0.0338039379162579
0.167642382178817
0.155748962684443
0.143054126906802
0.184116350078654
0.038341453687355
-0.00225574115986674
5.72989266539191e-19
0
0.00189282003016258
0.030384418823158
0.19589699145883
0.148077857217547
0.129699853136325
0.179053163254004
0.0391912772052789
-0.00253436031924504
-4.73031382628635e-18
0
0.00585723815684428
0.0326264952852615
0.190072020015992
0.142958085094229
0.139946970407596
0.174884664711857
0.0388268077070657
0.00183727310757951
3.04733552938665e-19
0
0.00183727310757948
0.0388268077070656
0.174884664711857
0.139946970407596
0.142958085094229
0.190072020015992
0.0326264952852615
0.00585723815684431
2.00610123957329e-19
0
-0.00253436031924508
0.0391912772052788
0.179053163254004
0.129699853136325
0.148077857217547
0.195896991458829
0.0303844188231579
0.00189282003016265
1.23122928081573e-18
0
-0.00225574115986673
0.0383414536873549
0.184116350078654
0.143054126906802
0.155748962684443
0.167642382178817
0.0338039379162578
0.000145697656758771
-2.6936772958766e-18
0
-0.00521893752496287
0.0373849620947271
0.162991873715669
0.16935034856388
0.173474817793472
0.140518352010094
0.0183086168713137
-0.00201263934880442
-1.81429875877252e-18
0
-0.00201263934880444
0.0183086168713136
0.140518352010094
0.173474817793472
0.16935034856388
0.162991873715669
0.0373849620947272
-0.0052189375249629
1.93976745105276e-18
