0
5.57755834420221e-05
0.00509934086718681
0.140173576439396
0.148799702064413
0.144962435403101
0.180868521595598
0.00654159045909116
5.93615548310874e-05
-2.75789173478208e-18
0
5.93615548310874e-05
0.00654159045909116
0.180868521595598
0.144962435403101
0.148799702064413
0.140173576439396
0.00509934086718681
5.57755834420221e-05
-2.91867487208419e-19
0
6.02437724335941e-05
0.00542263134163029
0.200586272036648
0.145482130214068
0.145134140717133
0.15291414989341
0.00510091425447161
5.55639024276193e-05
-3.24651203432473e-18
0
5.88046576991225e-05
0.00553128377169094
0.188542496702374
0.150388360176939
0.142562619266152
0.189704132004465
0.00504778650271268
5.26371352503589e-05
-6.39796910072926e-18
0
5.54894644872541e-05
0.00513851172520416
0.184404004802747
0.153838481894979
0.150108221629942
0.198171258502598
0.00512221054016433
5.21685797989962e-05
-1.81559587894573e-18
0
5.21685797989962e-05
0.00512221054016433
0.198171258502598
0.150108221629942
0.153838481894979
0.184404004802747
0.00513851172520416
5.54894644872541e-05
1.68731126754987e-18
0
5.26371352503589e-05
0.00504778650271267
0.189704132004465
0.142562619266152
0.150388360176939
0.188542496702374
0.00553128377169094
5.88046576991225e-05
-2.94156167379382e-18
0
5.55639024276193e-05
0.00510091425447161
0.152914149893409
0.145134140717133
0.145482130214068
0.200586272036649
0.00542263134163029
6.02437724335941e-05
5.63279326645905e-18
0
5.57755834420221e-05
0.00509934086718681
0.140173576439396
0.148799702064413
0.144962435403101
0.180868521595598
0.00654159045909116
5.93615548310874e-05
-2.75789173478208e-18
0
5.93615548310874e-05
0.00654159045909116
0.180868521595598
0.144962435403101
0.148799702064413
0.140173576439396
0.00509934086718681
5.57755834420221e-05
-2.91867487208419e-19
