0
-0.000560392135413863
0.000342639232166352
-0.00019454613389714
0.00293558408034954
0.0114892399699026
0.0389300761576446
0.165378788557266
0.286376044672844
0.268901949875376
0.278720607507791
0.291895241076876
0.235767390626117
0.147480536123131
0.0768641569917225
0.0125878080696506
0.00156119332684513
-1.40450329700029e-05
0.000510172764139473
0.000318641173579301
-6.88344728395423e-20
0
0.000318641173579302
0.000510172764139471
-1.40450329699914e-05
0.00156119332684512
0.0125878080696506
0.0768641569917226
0.147480536123131
0.235767390626118
0.291895241076876
0.278720607507791
0.268901949875376
0.286376044672844
0.165378788557266
0.0389300761576444
0.0114892399699026
0.00293558408034956
-0.000194546133897142
0.000342639232166353
-0.000560392135413865
-1.68708338379074e-19
0
0.00023414977507192
-0.000104563769131082
0.000867910314968209
0.0035438202421278
0.0346512527950896
0.122706569972734
0.204745511399274
0.263297396788481
0.271752739969299
0.204188450742198
0.159970496949769
0.199921775340122
0.226344849338835
0.0699774418470583
0.0123200038218374
0.00106719684883585
-0.000275366241269911
0.000240985160881506
9.91291780164669e-06
3.67541760126247e-19
0
-0.000272364614990003
-0.000107675081259128
0.00277682077770089
0.00388403636690079
0.0604680754200326
0.172433083420647
0.221704634426088
0.229918024511944
0.194725264916225
0.105602128368677
0.0404903888776477
0.0525966355575619
0.18841119403917
0.149621527403818
0.0251638447931578
0.0107485810903484
-0.00130890593064916
0.000794893693356593
-4.60799903920016e-05
6.90306947140523e-19
0
-0.000494261218977483
0.000553877005712113
0.0040946843163885
-0.000120374248797195
0.0745047633082435
0.19601632767274
0.177751567452128
0.110219797694192
0.0716492285483573
0.00908416167146853
0.0145554093596614
0.00649938583286561
0.134159591887648
0.196207597887891
0.0522123838943754
0.00382373069020274
0.000264658353201065
0.00124194507533611
-0.000494512582765988
1.04925823469128e-18
0
-0.00049451258276599
0.00124194507533612
0.000264658353201055
0.00382373069020277
0.0522123838943752
0.19620759788789
0.134159591887648
0.00649938583286557
0.0145554093596614
0.00908416167146856
0.0716492285483574
0.110219797694191
0.177751567452128
0.19601632767274
0.0745047633082437
-0.000120374248797188
0.00409468431638848
0.00055387700571211
-0.000494261218977481
-6.46984799618418e-19
0
-4.60799903920017e-05
0.000794893693356598
-0.00130890593064916
0.0107485810903485
0.0251638447931578
0.149621527403819
0.18841119403917
0.0525966355575616
0.0404903888776476
0.105602128368677
0.194725264916225
0.229918024511944
0.221704634426088
0.172433083420647
0.0604680754200327
0.00388403636690088
0.00277682077770087
-0.000107675081259128
-0.000272364614990004
-4.66348375167541e-19
0
9.91291780164772e-06
0.000240985160881508
-0.000275366241269911
0.00106719684883586
0.0123200038218374
0.0699774418470585
0.226344849338835
0.199921775340122
0.159970496949768
0.204188450742198
0.271752739969299
0.263297396788481
0.204745511399274
0.122706569972734
0.0346512527950896
0.00354382024212786
0.000867910314968194
-0.000104563769131083
0.000234149775071919
-8.98778775547633e-20
0
-0.000560392135413863
0.000342639232166352
-0.00019454613389714
0.00293558408034954
0.0114892399699026
0.0389300761576446
0.165378788557266
0.286376044672844
0.268901949875376
0.278720607507791
0.291895241076876
0.235767390626117
0.147480536123131
0.0768641569917225
0.0125878080696506
0.00156119332684513
-1.40450329700029e-05
0.000510172764139473
0.000318641173579301
-6.88344728395423e-20
0
0.000318641173579302
0.000510172764139471
-1.40450329699914e-05
0.00156119332684512
0.0125878080696506
0.0768641569917226
0.147480536123131
0.235767390626118
0.291895241076876
0.278720607507791
0.268901949875376
0.286376044672844
0.165378788557266
0.0389300761576444
0.0114892399699026
0.00293558408034956
-0.000194546133897142
0.000342639232166353
-0.000560392135413865
-1.68708338379074e-19
