0
-0.00180795939708617
0.0346534927439868
0.145118836111244
0.175861636177008
0.166159194803219
0.178317861965442
0.0322439578840606
0.00496258382415677
-1.15573720280915e-18
0
0.00496258382415675
0.0322439578840606
0.178317861965442
0.166159194803219
0.175861636177008
0.145118836111244
0.0346534927439867
-0.00180795939708614
2.33299508321131e-18
0
0.00254793031767511
0.0338335701784348
0.197825245438845
0.149714163544052
0.155064718514251
0.155200246086207
0.0341057345780372
-0.00200839172823682
-9.05438204299597e-19
0
-0.00188061383698532
0.0382633142273936
0.185732282355855
0.1450055796471
0.132788126828366
0.179172722898103
0.035958741292173
-0.00532691216336667
-1.1222093809787e-18
0
-0.00241204387320577
0.0370312680595734
0.173978123752712
0.141846994450942
0.136103575061462
0.18097531511105
0.0356826404451814
-0.00445434350778381
-2.553700310557e-20
0
-0.00445434350778379
0.0356826404451813
0.18097531511105
0.136103575061462
0.141846994450942
0.173978123752712
0.0370312680595736
-0.00241204387320578
-8.70000538069977e-19
0
-0.00532691216336665
0.0359587412921731
0.179172722898103
0.132788126828366
0.1450055796471
0.185732282355855
0.0382633142273937
-0.00188061383698529
1.45469114085974e-18
0
-0.00200839172823683
0.0341057345780373
0.155200246086206
0.155064718514251
0.149714163544052
0.197825245438845
0.0338335701784349
0.00254793031767514
2.33749844103295e-19
0
-0.00180795939708617
0.0346534927439868
0.145118836111244
0.175861636177008
0.166159194803219
0.178317861965442
0.0322439578840606
0.00496258382415677
-1.15573720280915e-18
0
0.00496258382415675
0.0322439578840606
0.178317861965442
0.166159194803219
0.175861636177008
0.145118836111244
0.0346534927439867
-0.00180795939708614
2.33299508321131e-18
