0
5.16138058531176e-05
0.00505314824058332
0.162945692033938
0.147875317660416
0.146066376592631
0.137139046462891
0.00542305688971792
5.57975103981599e-05
-1.26992849460559e-17
0
5.57975103981599e-05
0.00542305688971792
0.137139046462891
0.146066376592631
0.147875317660416
0.162945692033938
0.00505314824058333
5.16138058531176e-05
2.61838985866838e-18
0
5.68896638563895e-05
0.00599076937591327
0.170207796151652
0.144458992731722
0.143271142834565
0.196805142299426
0.00512201089077258
5.55619648211182e-05
-1.21882221686803e-18
0
5.71508455984348e-05
0.00660771204557628
0.200153083221241
0.148259174964791
0.144491380942271
0.194515976976928
0.00517062814219597
5.86261695376836e-05
-6.3413616191227e-18
0
5.96741914020853e-05
0.00548824231443207
0.192844080741942
0.152724297687954
0.153282132747076
0.182300778649102
0.00553448400807147
6.01596548609802e-05
-3.49535206224411e-18
0
6.01596548609802e-05
0.00553448400807147
0.182300778649102
0.153282132747076
0.152724297687954
0.192844080741942
0.00548824231443207
5.96741914020853e-05
-6.85747967167356e-18
0
5.86261695376836e-05
0.00517062814219597
0.194515976976928
0.144491380942271
0.148259174964791
0.200153083221241
0.00660771204557628
5.71508455984348e-05
7.46372676889523e-18
0
5.55619648211182e-05
0.00512201089077257
0.196805142299426
0.143271142834565
0.144458992731722
0.170207796151652
0.00599076937591327
5.68896638563895e-05
3.54861468313683e-18
0
5.16138058531176e-05
0.00505314824058332
0.162945692033938
0.147875317660416
0.146066376592631
0.137139046462891
0.00542305688971792
5.57975103981599e-05
-1.26992849460559e-17
0
5.57975103981599e-05
0.00542305688971792
0.137139046462891
0.146066376592631
0.147875317660416
0.162945692033938
0.00505314824058333
5.16138058531176e-05
2.61838985866838e-18
