0
0.000260828202270288
0.000420014283959045
9.75927869945822e-05
0.000689871374533201
0.00910394127051374
0.0362357120920655
0.138862597697631
0.287911538494212
0.282579836925443
0.288641525027314
0.280608263104272
0.215408090895986
0.151554129829793
0.0730943246811814
0.0125577500671735
0.00126753149708952
0.00263903400172135
-0.00075358694389246
-2.76782936203309e-05
-9.85778820988065e-19
0
-2.76782936203297e-05
-0.000753586943892462
0.00263903400172136
0.0012675314970895
0.0125577500671734
0.0730943246811814
0.151554129829793
0.215408090895986
0.280608263104272
0.288641525027314
0.282579836925443
0.287911538494212
0.13886259769763
0.0362357120920654
0.00910394127051378
0.000689871374533211
9.75927869945818e-05
0.000420014283959046
0.000260828202270282
-2.26925614252852e-19
0
0.000179031059162813
0.000463313683830821
0.00398948763675483
-0.00331465433767806
0.0296183742981459
0.124887185759266
0.204474307950474
0.241117038963812
0.267354561897051
0.248914719462518
0.209685098978525
0.254945105519818
0.225144309453103
0.0595342127819627
0.00991608995603999
0.00171951592682112
-0.000167208617097049
0.000618941808931449
-1.94105487901046e-05
-6.90341193389229e-19
0
0.0010878685103265
-0.000513565734985875
0.00166355212031851
0.00626370689696731
0.074832410466874
0.184524917921408
0.188982852765574
0.170424926065249
0.183589516988898
0.162804080085853
0.107507976598473
0.114625637684113
0.219495081134737
0.143213055669099
0.0166588482950937
0.00623285117269975
0.000962272066458898
-6.50614132894962e-05
1.31737989549102e-05
1.7522934845505e-19
0
0.00049039552734074
-0.00159709322581304
0.00697722025390863
0.00973476439966966
0.106299722273715
0.202381053355368
0.100051461577265
0.03704828031758
0.0473154733308676
0.0211304407159594
0.0214737757526382
-0.00222873200783641
0.106400965672307
0.197762739885273
0.054652680202418
0.00650307667088406
-0.00146894953378324
0.000580887026163273
-0.000171581143594146
3.9798197320478e-19
0
-0.000171581143594146
0.000580887026163276
-0.00146894953378324
0.00650307667088411
0.0546526802024179
0.197762739885273
0.106400965672307
-0.00222873200783655
0.0214737757526382
0.0211304407159594
0.0473154733308676
0.03704828031758
0.100051461577265
0.202381053355368
0.106299722273715
0.00973476439966968
0.0069772202539086
-0.00159709322581304
0.000490395527340737
-9.85010354658658e-19
0
1.31737989549111e-05
-6.50614132894957e-05
0.00096227206645889
0.00623285117269976
0.0166588482950938
0.143213055669099
0.219495081134737
0.114625637684113
0.107507976598472
0.162804080085853
0.183589516988897
0.170424926065248
0.188982852765574
0.184524917921408
0.0748324104668744
0.00626370689696737
0.0016635521203185
-0.000513565734985874
0.0010878685103265
1.33679364259803e-18
0
-1.94105487901019e-05
0.000618941808931448
-0.000167208617097053
0.00171951592682112
0.00991608995604006
0.059534212781963
0.225144309453103
0.254945105519818
0.209685098978525
0.248914719462518
0.267354561897051
0.241117038963812
0.204474307950474
0.124887185759266
0.0296183742981462
-0.00331465433767808
0.00398948763675481
0.000463313683830824
0.000179031059162812
4.59656732844181e-19
0
0.000260828202270288
0.000420014283959045
9.75927869945822e-05
0.000689871374533201
0.00910394127051374
0.0362357120920655
0.138862597697631
0.287911538494212
0.282579836925443
0.288641525027314
0.280608263104272
0.215408090895986
0.151554129829793
0.0730943246811814
0.0125577500671735
0.00126753149708952
0.00263903400172135
-0.00075358694389246
-2.76782936203309e-05
-9.85778820988065e-19
0
-2.76782936203297e-05
-0.000753586943892462
0.00263903400172136
0.0012675314970895
0.0125577500671734
0.0730943246811814
0.151554129829793
0.215408090895986
0.280608263104272
0.288641525027314
0.282579836925443
0.287911538494212
0.13886259769763
0.0362357120920654
0.00910394127051378
0.000689871374533211
9.75927869945818e-05
0.000420014283959046
0.000260828202270282
-2.26925614252852e-19
