0
0.000497720292251333
-0.000262839720984522
0.000893464916466453
0.000125560147938547
0.00723352866844409
0.0430642443296496
0.111749264658784
0.277446079070464
0.287953884595343
0.291604778590886
0.265276488311197
0.209932368226136
0.163906100943016
0.0742077943430311
0.00912392046932428
0.000483274771334776
0.00129397313338112
-0.00115406146068035
0.00203916580397955
7.03301053723925e-19
0
0.00203916580397956
-0.00115406146068035
0.00129397313338112
0.000483274771334794
0.00912392046932415
0.0742077943430308
0.163906100943016
0.209932368226136
0.265276488311197
0.291604778590886
0.287953884595343
0.277446079070464
0.111749264658784
0.0430642443296496
0.00723352866844422
0.00012556014793851
0.00089346491646645
-0.000262839720984522
0.000497720292251331
-3.24255989635103e-19
0
0.000910127311732357
-0.0020305826348888
0.00527723477988841
0.00189388521355955
0.0429249110053019
0.140879170573479
0.198339866745929
0.210604561900748
0.23904372862518
0.265951698441893
0.243672200355282
0.281898189913161
0.200447257102369
0.0456513681829289
0.0122909478899996
0.00163412034254032
-0.000278339863214408
-0.000254745857417153
0.000555888267166071
-8.05541933005189e-19
0
3.47676366213641e-05
-1.81385887027818e-06
0.000856849940924248
0.0106487882410871
0.0930068860826389
0.186275441890653
0.143148938821277
0.0963611654732846
0.13172526713624
0.1826538321433
0.178842360252646
0.18248893528432
0.253630649161969
0.123337871418116
0.0117251482567613
0.00275880440719906
0.000361575897960469
6.92962466056706e-05
0.00027549825228933
9.43498347652545e-20
0
0.000441914626019516
-0.000241355697136479
0.00628379791087047
0.00395440323795886
0.112453460893663
0.205870078033199
0.0657298138643877
-0.00179736834087563
0.0209728524564159
0.0292976537220498
0.0536044252473897
0.0477466367138541
0.143035487864156
0.203827686520386
0.0487387185988117
0.00536917190433583
-0.000852875303579591
0.000448335202623925
0.00039140597695096
-1.77643152558482e-19
0
0.000391405976950963
0.000448335202623923
-0.000852875303579593
0.00536917190433586
0.0487387185988118
0.203827686520386
0.143035487864156
0.0477466367138539
0.0536044252473898
0.0292976537220497
0.0209728524564159
-0.00179736834087562
0.0657298138643876
0.205870078033199
0.112453460893663
0.00395440323795878
0.00628379791087047
-0.000241355697136476
0.000441914626019515
4.97653598162861e-19
0
0.000275498252289334
6.92962466056687e-05
0.000361575897960472
0.00275880440719903
0.0117251482567614
0.123337871418116
0.253630649161969
0.18248893528432
0.178842360252646
0.1826538321433
0.131725267136239
0.0963611654732845
0.143148938821277
0.186275441890653
0.093006886082639
0.0106487882410871
0.000856849940924232
-1.81385887027452e-06
3.47676366213625e-05
-1.10461904558887e-19
0
0.000555888267166075
-0.000254745857417152
-0.000278339863214405
0.00163412034254032
0.0122909478899995
0.0456513681829292
0.20044725710237
0.281898189913161
0.243672200355282
0.265951698441893
0.23904372862518
0.210604561900748
0.198339866745929
0.140879170573479
0.0429249110053022
0.00189388521355953
0.00527723477988839
-0.0020305826348888
0.000910127311732354
9.51858808850297e-19
0
0.000497720292251333
-0.000262839720984522
0.000893464916466453
0.000125560147938547
0.00723352866844409
0.0430642443296496
0.111749264658784
0.277446079070464
0.287953884595343
0.291604778590886
0.265276488311197
0.209932368226136
0.163906100943016
0.0742077943430311
0.00912392046932428
0.000483274771334776
0.00129397313338112
-0.00115406146068035
0.00203916580397955
7.03301053723925e-19
0
0.00203916580397956
-0.00115406146068035
0.00129397313338112
0.000483274771334794
0.00912392046932415
0.0742077943430308
0.163906100943016
0.209932368226136
0.265276488311197
0.291604778590886
0.287953884595343
0.277446079070464
0.111749264658784
0.0430642443296496
0.00723352866844422
0.00012556014793851
0.00089346491646645
-0.000262839720984522
0.000497720292251331
-3.24255989635103e-19
