0
5.95441259461543e-05
0.00532128266913113
0.183496494205828
0.148604554417999
0.144554779214696
0.198420797422619
0.00551568969426385
5.55844411875743e-05
1.45349154755144e-18
0
5.55844411875743e-05
0.00551568969426384
0.198420797422619
0.144554779214696
0.148604554417999
0.183496494205828
0.00532128266913113
5.95441259461543e-05
-6.35897552756823e-18
0
5.22927451819906e-05
0.00511015090441108
0.185555768363711
0.147245962385185
0.147206840643444
0.146996945862857
0.00535221800183631
5.87540633394073e-05
-7.57094354836349e-18
0
5.26793950901158e-05
0.00512232381339898
0.188120836511027
0.152443665787823
0.142417518513947
0.145446577322077
0.00513019816012632
5.70311882914102e-05
5.42822332746492e-18
0
5.51697438146609e-05
0.00504697455708631
0.199301517375665
0.15318274562204
0.14661641532732
0.180299050118075
0.00509856745669266
5.61569924324095e-05
7.70293537073737e-18
0
5.61569924324095e-05
0.00509856745669265
0.180299050118075
0.14661641532732
0.15318274562204
0.199301517375665
0.00504697455708631
5.51697438146609e-05
-1.43092649403383e-18
0
5.70311882914101e-05
0.00513019816012632
0.145446577322077
0.142417518513947
0.152443665787823
0.188120836511026
0.00512232381339898
5.26793950901158e-05
2.00765922745522e-18
0
5.87540633394073e-05
0.0053522180018363
0.146996945862857
0.147206840643444
0.147245962385185
0.185555768363711
0.00511015090441108
5.22927451819906e-05
2.5872263345935e-18
0
5.95441259461543e-05
0.00532128266913113
0.183496494205828
0.148604554417999
0.144554779214696
0.198420797422619
0.00551568969426385
5.55844411875743e-05
1.45349154755144e-18
0
5.55844411875743e-05
0.00551568969426384
0.198420797422619
0.144554779214696
0.148604554417999
0.183496494205828
0.00532128266913113
5.95441259461543e-05
-6.35897552756823e-18
