0
-0.00297597321156823
0.0366904643373727
0.192217899677541
0.173571750454904
0.155440654537279
0.172652900463669
0.0331863936762605
-0.00319908845829449
-1.35391569181412e-18
0
-0.0031990884582945
0.0331863936762604
0.172652900463669
0.155440654537279
0.173571750454904
0.192217899677541
0.0366904643373726
-0.00297597321156827
-2.21657798698806e-18
0
-0.00130632649067625
0.0380900595936878
0.174860053205365
0.148974881768054
0.171815766483418
0.187412815013593
0.0374100692004275
-0.00146771132160044
-1.65328410515015e-18
0
0.000678627188094355
0.0371625920498082
0.183219595313122
0.145376962818273
0.146739985714231
0.161430845563758
0.0373421293810028
-0.000131106596594717
-2.28141467418068e-18
0
0.0028058389491329
0.0394082519945429
0.16939141589501
0.136078573623347
0.131309054565493
0.151009428670635
0.0409786437174832
0.00171854099176624
1.81430988443507e-18
0
0.00171854099176624
0.0409786437174835
0.151009428670634
0.131309054565493
0.136078573623347
0.16939141589501
0.0394082519945427
0.00280583894913291
-3.18543307719267e-18
0
-0.000131106596594709
0.0373421293810029
0.161430845563758
0.146739985714231
0.145376962818273
0.183219595313122
0.0371625920498081
0.000678627188094381
-2.4257280681877e-18
0
-0.00146771132160043
0.0374100692004276
0.187412815013594
0.171815766483418
0.148974881768054
0.174860053205365
0.0380900595936877
-0.00130632649067623
2.70087170489005e-18
0
-0.00297597321156823
0.0366904643373727
0.192217899677541
0.173571750454904
0.155440654537279
0.172652900463669
0.0331863936762605
-0.00319908845829449
-1.35391569181412e-18
0
-0.0031990884582945
0.0331863936762604
0.172652900463669
0.155440654537279
0.173571750454904
0.192217899677541
0.0366904643373726
-0.00297597321156827
-2.21657798698806e-18
