0
0.00191830911206868
-0.00104880918627672
0.00136394933436887
0.00235355601784937
0.010678462074994
0.0665225812259626
0.107680486943541
0.263749108268393
0.28871407128812
0.289525341679183
0.247660431461625
0.2033281012267
0.179068136431243
0.0987972408819723
0.0230124648098289
0.000541999056443881
0.00172584842831418
-0.000627377664764931
0.00111316370057235
-3.53883703840875e-19
0
0.00111316370057235
-0.000627377664764932
0.00172584842831419
0.000541999056443913
0.0230124648098288
0.0987972408819719
0.179068136431242
0.2033281012267
0.247660431461625
0.289525341679183
0.28871407128812
0.263749108268393
0.107680486943541
0.0665225812259631
0.0106784620749941
0.00235355601784932
0.00136394933436886
-0.00104880918627672
0.00191830911206868
4.88938601066293e-19
0
0.00121654931115518
-0.00134535143983794
0.00641380554629249
-0.00340497117639812
0.0508302539536264
0.1599592596498
0.182240461705852
0.162895835496817
0.191980588549345
0.259571039579673
0.263578234028653
0.291561065961885
0.166473780227027
0.0461731498668771
0.0114275648166124
-8.52258885514272e-06
0.000263381831376051
8.01061929848427e-05
0.00145097533715105
-6.69660871859536e-20
0
0.000199931186590758
-7.59716992325695e-05
0.000515759879591511
0.00693522842495005
0.091866606185513
0.196978909892369
0.12118622682614
0.0378267206212686
0.0634326027885516
0.154197794307724
0.21770349138378
0.238421078129789
0.255991634627823
0.0939308831852029
0.0125971195129386
0.000884631391833061
0.00126970225860128
2.3269138105741e-05
0.00108152879670068
-1.66921465886003e-19
0
0.000123946793539631
-0.000369847372095809
0.00291696033577883
0.00122578376794581
0.0888240198699536
0.225922217340009
0.105976712880094
0.0105503717401668
0.00926878150946876
0.0256960851340164
0.0891226727118417
0.121805908503989
0.208569300371213
0.194442948056077
0.0339586203800224
0.006741439912924
-0.000725306770322957
-0.000135224474901811
0.000266600737475051
3.2382836885068e-20
0
0.000266600737475056
-0.000135224474901815
-0.000725306770322939
0.00674143991292394
0.0339586203800224
0.194442948056077
0.208569300371213
0.121805908503989
0.0891226727118417
0.0256960851340163
0.0092687815094688
0.0105503717401669
0.105976712880094
0.225922217340009
0.0888240198699533
0.00122578376794579
0.00291696033577884
-0.000369847372095811
0.000123946793539628
-2.76876137786078e-20
0
0.00108152879670068
2.32691381057382e-05
0.0012697022586013
0.000884631391833057
0.0125971195129385
0.0939308831852033
0.255991634627823
0.238421078129789
0.21770349138378
0.154197794307724
0.0634326027885514
0.0378267206212686
0.12118622682614
0.196978909892369
0.0918666061855127
0.00693522842494997
0.000515759879591513
-7.59716992325693e-05
0.000199931186590758
-7.49154218232675e-19
0
0.00145097533715106
8.01061929848403e-05
0.000263381831376069
-8.52258885511263e-06
0.0114275648166123
0.046173149866877
0.166473780227027
0.291561065961885
0.263578234028653
0.259571039579673
0.191980588549345
0.162895835496818
0.182240461705852
0.1599592596498
0.0508302539536263
-0.00340497117639816
0.0064138055462925
-0.00134535143983794
0.00121654931115518
-5.97059755358932e-19
0
0.00191830911206868
-0.00104880918627672
0.00136394933436887
0.00235355601784937
0.010678462074994
0.0665225812259626
0.107680486943541
0.263749108268393
0.28871407128812
0.289525341679183
0.247660431461625
0.2033281012267
0.179068136431243
0.0987972408819723
0.0230124648098289
0.000541999056443881
0.00172584842831418
-0.000627377664764931
0.00111316370057235
-3.53883703840875e-19
0
0.00111316370057235
-0.000627377664764932
0.00172584842831419
0.000541999056443913
0.0230124648098288
0.0987972408819719
0.179068136431242
0.2033281012267
0.247660431461625
0.289525341679183
0.28871407128812
0.263749108268393
0.107680486943541
0.0665225812259631
0.0106784620749941
0.00235355601784932
0.00136394933436886
-0.00104880918627672
0.00191830911206868
4.88938601066293e-19
