0
5.35181862644677e-05
0.00533997028027403
0.200760531380144
0.147500453685684
0.145040357721053
0.18448413131773
0.00512024697646075
5.50045042126229e-05
-3.44107922423061e-18
0
5.50045042126229e-05
0.00512024697646075
0.18448413131773
0.145040357721053
0.147500453685684
0.200760531380144
0.00533997028027403
5.35181862644677e-05
1.24597456837668e-17
0
5.61816347610349e-05
0.00504540798459098
0.192378005361405
0.149513677067531
0.148663637792534
0.191063858926844
0.00537296732954716
5.61829070695238e-05
1.08665415375997e-17
0
5.69501293008615e-05
0.00510155339590285
0.197337219265543
0.153637908990356
0.14377005289438
0.155678553418281
0.00531867546788796
5.83060328479762e-05
-6.08380814327177e-18
0
5.8808827712878e-05
0.00514902484060885
0.169893443809971
0.150953815855619
0.143927128389771
0.141540666242189
0.00536245934693681
5.91385057841208e-05
-1.06775947377966e-17
0
5.91385057841208e-05
0.00536245934693681
0.141540666242189
0.143927128389771
0.150953815855619
0.169893443809971
0.00514902484060885
5.88088277128781e-05
-6.26340281621176e-18
0
5.83060328479762e-05
0.00531867546788796
0.155678553418281
0.14377005289438
0.153637908990356
0.197337219265543
0.00510155339590286
5.69501293008615e-05
3.07603572067623e-18
0
5.61829070695237e-05
0.00537296732954716
0.191063858926844
0.148663637792534
0.149513677067531
0.192378005361405
0.00504540798459098
5.61816347610349e-05
-1.48190232247849e-17
0
5.35181862644677e-05
0.00533997028027403
0.200760531380144
0.147500453685684
0.145040357721053
0.18448413131773
0.00512024697646075
5.50045042126229e-05
-3.44107922423061e-18
0
5.50045042126229e-05
0.00512024697646075
0.18448413131773
0.145040357721053
0.147500453685684
0.200760531380144
0.00533997028027403
5.35181862644677e-05
1.24597456837668e-17
