0
0.00258500722624779
0.00656450937707641
0.151152299731728
0.144901104959293
0.165333954939154
0.188977116808946
0.00483800470434259
0.0013280777635704
-4.06806332550559e-18
0
0.00132807776357041
0.00483800470434258
0.188977116808946
0.165333954939154
0.144901104959293
0.151152299731728
0.00656450937707641
0.00258500722624782
1.65015897831479e-18
0
-0.000788900643186045
0.00856022557999843
0.180460275355359
0.150988667689906
0.151959096575883
0.128051108309947
0.00661273601184832
0.0037355805650403
4.58546357823082e-18
0
-0.00213741978959962
0.0134499892019527
0.188042602788576
0.150039025294709
0.149212117363286
0.186897285091781
0.0068614514374555
0.00108281299310051
1.49197650301959e-17
0
-0.00301355447782773
0.0180376296006336
0.185293452239658
0.144590618022632
0.144636119639011
0.212370155256334
0.0182863734007122
-0.00245660836531099
1.16214702658873e-17
0
-0.00245660836531099
0.0182863734007122
0.212370155256334
0.144636119639011
0.144590618022632
0.185293452239658
0.0180376296006336
-0.00301355447782776
-1.49820269051133e-18
0
0.00108281299310044
0.00686145143745551
0.186897285091781
0.149212117363286
0.150039025294709
0.188042602788576
0.0134499892019528
-0.00213741978959959
1.06909965207434e-17
0
0.00373558056504026
0.00661273601184832
0.128051108309947
0.151959096575883
0.150988667689906
0.180460275355359
0.00856022557999848
-0.000788900643186064
1.08158392156097e-17
0
0.00258500722624779
0.00656450937707641
0.151152299731728
0.144901104959293
0.165333954939154
0.188977116808946
0.00483800470434259
0.0013280777635704
-4.06806332550559e-18
0
0.00132807776357041
0.00483800470434258
0.188977116808946
0.165333954939154
0.144901104959293
0.151152299731728
0.00656450937707641
0.00258500722624782
1.65015897831479e-18
