0
0.00144266498289588
-0.00128873338948773
0.00273137672174638
-0.00188467777158972
0.0115178847153406
0.1141405829798
0.158504892472738
0.215650880787053
0.275957282242255
0.270124153299252
0.17330858834411
0.148399628742076
0.193239742252531
0.141926214833187
0.0240163626342239
0.00165509576648671
0.00042326304055678
0.000697429082165927
0.000569431188882637
-7.41047934674752e-22
0
0.000569431188882641
0.000697429082165923
0.0004232630405568
0.00165509576648666
0.0240163626342239
0.141926214833187
0.193239742252531
0.148399628742076
0.17330858834411
0.270124153299252
0.275957282242255
0.215650880787053
0.158504892472738
0.1141405829798
0.0115178847153405
-0.00188467777158973
0.00273137672174638
-0.00128873338948774
0.00144266498289588
1.77777416815328e-19
0
0.000825504416904495
-0.000191890238755622
0.000536989834628744
0.00271087470084876
0.0323361241195412
0.186428691914233
0.191667090187093
0.0854421319410302
0.0674272206511708
0.192195189718818
0.278841423623824
0.283583884787784
0.159145967170671
0.104197160408693
0.0206057391046676
-0.00179510560212538
0.00181643436734778
-0.000106446592306823
0.000351803029797305
8.58802291229253e-19
0
-0.000181403680635437
-0.000114904857667733
0.000785379148926717
0.00358433301769337
0.036269186945536
0.194547972677677
0.206474364969707
0.0626641303231847
-0.00590506859224752
0.062848436797529
0.211511752871957
0.294375696528759
0.214860507714572
0.0976933098124619
0.0366298214843236
-0.00291518795253968
0.00355552397795653
-0.000703208383891261
0.000668772011680615
4.54979815452931e-19
0
2.044605297749e-05
0.000967088786765581
0.00104538427836076
0.00691984154066426
0.0339226691424656
0.166887125955737
0.255343945469797
0.141821866327366
0.0484325062543176
0.0116798215023894
0.125975272507716
0.239024831236104
0.268624481943699
0.119399111161902
0.037764571770143
0.00419227885232219
0.000742014501675505
-0.000266202669447865
0.00101092377699845
5.02093069983039e-20
0
0.00101092377699844
-0.000266202669447854
0.00074201450167552
0.0041922788523222
0.0377645717701426
0.119399111161902
0.268624481943699
0.239024831236104
0.125975272507716
0.0116798215023893
0.0484325062543177
0.141821866327366
0.255343945469797
0.166887125955736
0.0339226691424656
0.00691984154066431
0.0010453842783607
0.000967088786765584
2.0446052977488e-05
3.18804400451135e-19
0
0.000668772011680608
-0.000703208383891249
0.00355552397795651
-0.00291518795253962
0.0366298214843234
0.0976933098124615
0.214860507714572
0.294375696528759
0.211511752871957
0.0628484367975287
-0.00590506859224757
0.0626641303231849
0.206474364969708
0.194547972677677
0.0362691869455358
0.00358433301769344
0.000785379148926679
-0.000114904857667734
-0.00018140368063544
9.93414751207542e-20
0
0.000351803029797305
-0.000106446592306818
0.00181643436734778
-0.00179510560212536
0.0206057391046677
0.104197160408692
0.159145967170671
0.283583884787784
0.278841423623824
0.192195189718818
0.0674272206511708
0.0854421319410303
0.191667090187093
0.186428691914233
0.0323361241195411
0.00271087470084888
0.000536989834628692
-0.000191890238755622
0.000825504416904492
-1.35083121716865e-19
0
0.00144266498289588
-0.00128873338948773
0.00273137672174638
-0.00188467777158972
0.0115178847153406
0.1141405829798
0.158504892472738
0.215650880787053
0.275957282242255
0.270124153299252
0.17330858834411
0.148399628742076
0.193239742252531
0.141926214833187
0.0240163626342239
0.00165509576648671
0.00042326304055678
0.000697429082165927
0.000569431188882637
-7.41047934674752e-22
0
0.000569431188882641
0.000697429082165923
0.0004232630405568
0.00165509576648666
0.0240163626342239
0.141926214833187
0.193239742252531
0.148399628742076
0.17330858834411
0.270124153299252
0.275957282242255
0.215650880787053
0.158504892472738
0.1141405829798
0.0115178847153405
-0.00188467777158973
0.00273137672174638
-0.00128873338948774
0.00144266498289588
1.77777416815328e-19
