0
-0.00167583845697635
0.0350168795055612
0.172413534388557
0.169140953128257
0.151693266740446
0.175331513240109
0.0309499515183176
0.00293900517723883
4.89935627638343e-19
0
0.0029390051772388
0.0309499515183178
0.175331513240109
0.151693266740446
0.169140953128257
0.172413534388557
0.0350168795055611
-0.00167583845697633
-3.86831873082672e-18
0
0.00198318151413187
0.0372763835651206
0.177947359234698
0.1498731722444
0.175170403289803
0.187479400419866
0.0348640155317603
-0.00278550074475236
-1.6148568192944e-18
0
-0.000225103997496035
0.0437280529091577
0.16270456434479
0.144778675133907
0.15550235161207
0.19238076973943
0.0344769876720399
-0.00351740797374283
2.76868215979544e-18
0
-0.00180095753237086
0.0431421414205403
0.152770251074802
0.132799387522417
0.133618035592588
0.17160411804599
0.041190828649497
-0.00262975579719214
1.13624777868592e-18
0
-0.00262975579719211
0.0411908286494971
0.17160411804599
0.133618035592588
0.132799387522417
0.152770251074802
0.0431421414205402
-0.0018009575323709
1.29572111792827e-18
0
-0.00351740797374281
0.03447698767204
0.19238076973943
0.15550235161207
0.144778675133907
0.16270456434479
0.0437280529091575
-0.000225103997496048
-1.73281178866226e-18
0
-0.00278550074475236
0.0348640155317603
0.187479400419866
0.175170403289803
0.1498731722444
0.177947359234699
0.0372763835651203
0.00198318151413187
-1.70336993149918e-18
0
-0.00167583845697635
0.0350168795055612
0.172413534388557
0.169140953128257
0.151693266740446
0.175331513240109
0.0309499515183176
0.00293900517723883
4.89935627638343e-19
0
0.0029390051772388
0.0309499515183178
0.175331513240109
0.151693266740446
0.169140953128257
0.172413534388557
0.0350168795055611
-0.00167583845697633
-3.86831873082672e-18
