0
0.00231115944814783
-0.00139770846718597
0.003003184687555
-0.00100201358268479
0.0126892230866626
0.0951961895533854
0.130270354025748
0.245835411929827
0.284508112986683
0.282813893284552
0.218743791302149
0.180811353932181
0.185596835807887
0.122007138821916
0.0283547930343988
-0.00140348775045302
0.0011510113027784
-0.000416243025599388
0.000379341969532233
-1.69255832647293e-19
0
0.000379341969532237
-0.000416243025599387
0.0011510113027784
-0.001403487750453
0.0283547930343989
0.122007138821916
0.185596835807887
0.180811353932181
0.218743791302149
0.282813893284552
0.284508112986684
0.245835411929827
0.130270354025748
0.0951961895533857
0.0126892230866625
-0.00100201358268479
0.00300318468755499
-0.00139770846718597
0.00231115944814783
-4.37939922267211e-19
0
0.000606769337289487
-0.00120161043128998
0.00352071726198109
-0.00269368124110729
0.0490482791782645
0.177956241667601
0.17388212404926
0.110806143333078
0.129570418802827
0.233584117824075
0.275112446263645
0.291885804737823
0.152111702186649
0.0719918973326812
0.0198954147321155
5.01950404349862e-05
0.00123125667406311
-0.000177338504291759
0.00079318092575896
3.56184860967178e-19
0
0.000310112662716471
4.48185609544775e-05
0.000978872890227097
0.00511276189590622
0.0665218552651833
0.21443490809478
0.147355160605403
0.0247069327125672
0.0116571580977533
0.106046804945236
0.221987115139273
0.274234198869363
0.237495118880182
0.0813468703594646
0.0225046541264281
0.00136933467153207
0.00270551829703414
-0.000919133406912394
0.000910189361669119
-2.69266463993095e-19
0
0.000643361190923915
0.000704035594555876
0.000670658199522448
0.00317106349892527
0.0504993617563229
0.217155090067251
0.187462166798643
0.0676827847227977
0.0210135519957349
0.0175239169901103
0.112983437717457
0.189199230154169
0.259508859682262
0.153993288255848
0.0240077016628903
0.00392154293199061
-0.000206811864032463
-0.000519716946812914
0.00112096759786249
3.26955267441896e-19
0
0.0011209675978625
-0.000519716946812913
-0.000206811864032427
0.00392154293199058
0.0240077016628903
0.153993288255848
0.259508859682262
0.189199230154169
0.112983437717457
0.0175239169901102
0.0210135519957349
0.0676827847227977
0.187462166798643
0.217155090067251
0.0504993617563229
0.00317106349892541
0.000670658199522407
0.000704035594555876
0.000643361190923913
-3.98942705538093e-20
0
0.000910189361669124
-0.000919133406912395
0.00270551829703416
0.00136933467153212
0.0225046541264279
0.0813468703594646
0.237495118880182
0.274234198869362
0.221987115139274
0.106046804945235
0.0116571580977532
0.0247069327125672
0.147355160605403
0.21443490809478
0.0665218552651834
0.00511276189590628
0.000978872890227103
4.48185609544714e-05
0.000310112662716473
-4.31171543514774e-20
0
0.000793180925758962
-0.000177338504291758
0.00123125667406313
5.01950404350237e-05
0.0198954147321154
0.0719918973326807
0.152111702186649
0.291885804737823
0.275112446263645
0.233584117824075
0.129570418802827
0.110806143333078
0.17388212404926
0.177956241667601
0.0490482791782643
-0.00269368124110727
0.0035207172619811
-0.00120161043128998
0.000606769337289486
8.20064336795516e-19
0
0.00231115944814783
-0.00139770846718597
0.003003184687555
-0.00100201358268479
0.0126892230866626
0.0951961895533854
0.130270354025748
0.245835411929827
0.284508112986683
0.282813893284552
0.218743791302149
0.180811353932181
0.185596835807887
0.122007138821916
0.0283547930343988
-0.00140348775045302
0.0011510113027784
-0.000416243025599388
0.000379341969532233
-1.69255832647293e-19
0
0.000379341969532237
-0.000416243025599387
0.0011510113027784
-0.001403487750453
0.0283547930343989
0.122007138821916
0.185596835807887
0.180811353932181
0.218743791302149
0.282813893284552
0.284508112986684
0.245835411929827
0.130270354025748
0.0951961895533857
0.0126892230866625
-0.00100201358268479
0.00300318468755499
-0.00139770846718597
0.00231115944814783
-4.37939922267211e-19
