0
5.86761792234853e-05
0.00524842432132615
0.192988690669642
0.144928494780794
0.148623802575631
0.184422339257329
0.00537588899639314
5.62797015902845e-05
5.99140111884854e-19
0
5.62797015902845e-05
0.00537588899639314
0.184422339257329
0.148623802575631
0.144928494780794
0.192988690669642
0.00524842432132615
5.86761792234853e-05
-6.37557880494043e-18
0
5.38815389820986e-05
0.00531611552986471
0.151689709772562
0.153259524002041
0.148286528487799
0.187133220349791
0.00527389353143536
5.80617777363328e-05
-4.41228222142912e-18
0
5.36020371319238e-05
0.00537864314599196
0.144833323623599
0.151745280442095
0.147766894260932
0.194262357736981
0.00528560751789284
5.6732725901349e-05
6.53512209722255e-19
0
5.48983203429516e-05
0.00532675848345579
0.175323012873651
0.145093425519393
0.143229282709438
0.199319158011724
0.00532010986497951
5.57884909605055e-05
7.1676918816678e-18
0
5.57884909605055e-05
0.00532010986497951
0.199319158011724
0.143229282709438
0.145093425519393
0.175323012873651
0.0053267584834558
5.48983203429516e-05
2.91441618305235e-18
0
5.6732725901349e-05
0.00528560751789283
0.194262357736981
0.147766894260932
0.151745280442095
0.144833323623598
0.00537864314599196
5.36020371319238e-05
2.47091097332317e-18
0
5.80617777363328e-05
0.00527389353143536
0.187133220349791
0.148286528487799
0.153259524002041
0.151689709772562
0.00531611552986471
5.38815389820986e-05
5.62961740578344e-18
0
5.86761792234853e-05
0.00524842432132615
0.192988690669642
0.144928494780794
0.148623802575631
0.184422339257329
0.00537588899639314
5.62797015902845e-05
5.99140111884854e-19
0
5.62797015902845e-05
0.00537588899639314
0.184422339257329
0.148623802575631
0.144928494780794
0.192988690669642
0.00524842432132615
5.86761792234853e-05
-6.37557880494043e-18
