0
-0.00214356934803085
0.0320098919170496
0.171376726190836
0.156090338414534
0.149041267502561
0.152936664418251
0.0444045168852774
-0.00350219766417302
5.05109455517203e-19
0
-0.00350219766417301
0.0444045168852774
0.15293666441825
0.149041267502561
0.156090338414534
0.171376726190836
0.0320098919170495
-0.00214356934803087
-2.60101911550786e-18
0
-0.00138064096338414
0.03992213798582
0.160144921640681
0.147818649253417
0.173473685548296
0.173834962748877
0.0316629049438968
-0.00164834099660794
-3.34158793308183e-18
0
0.000258706056472943
0.0353389272429398
0.186370879064918
0.13606623840701
0.171742270711467
0.168840315272875
0.0305415396962284
0.000571582546482402
-1.75811024396572e-18
0
0.00124197822904441
0.0316480888301049
0.194326881858076
0.131233669204017
0.148424215749991
0.178597508163535
0.0318063647342758
0.00163584686479507
-1.17700690478138e-18
0
0.00163584686479504
0.0318063647342758
0.178597508163535
0.148424215749991
0.131233669204017
0.194326881858076
0.0316480888301049
0.00124197822904444
-2.53094747553728e-19
0
0.000571582546482385
0.0305415396962285
0.168840315272875
0.171742270711467
0.13606623840701
0.186370879064918
0.0353389272429398
0.000258706056472976
1.00633449981975e-18
0
-0.00164834099660792
0.0316629049438969
0.173834962748877
0.173473685548296
0.147818649253417
0.160144921640681
0.0399221379858199
-0.00138064096338413
9.59096109032879e-19
0
-0.00214356934803085
0.0320098919170496
0.171376726190836
0.156090338414534
0.149041267502561
0.152936664418251
0.0444045168852774
-0.00350219766417302
5.05109455517203e-19
0
-0.00350219766417301
0.0444045168852774
0.15293666441825
0.149041267502561
0.156090338414534
0.171376726190836
0.0320098919170495
-0.00214356934803087
-2.60101911550786e-18
