0
0.000671268381747338
-5.09075935090832e-05
0.00121121729099985
-0.00360885174409167
0.0072338832095278
0.127143529205351
0.183531155693439
0.174505274219167
0.263191925293063
0.251518561401653
0.118717108753638
0.127018112670881
0.209184257616782
0.150594635569082
0.0137499963543236
0.00381281408442758
0.000506074650277819
0.000612685442382348
0.000123823875796585
1.70163068133015e-19
0
0.000123823875796586
0.000612685442382345
0.000506074650277862
0.00381281408442753
0.0137499963543237
0.150594635569082
0.209184257616782
0.127018112670881
0.118717108753637
0.251518561401653
0.263191925293063
0.174505274219167
0.183531155693439
0.127143529205351
0.00723388320952777
-0.00360885174409167
0.00121121729099983
-5.09075935090764e-05
0.000671268381747326
-1.50137598930288e-19
0
0.000676635612845662
0.000284383324051911
0.000798351705740931
0.00673492027465636
0.0251611159797551
0.164134682273768
0.224740433334161
0.0988057057542529
0.0266574936408054
0.149728447446806
0.278402889186572
0.258529454195085
0.170118892678701
0.126277145792199
0.0162210564080157
-0.00413357019397372
0.00164180620523088
0.000496380485937733
0.00010098388119039
-4.27886765847725e-19
0
-0.000123831321962837
0.000255937253235211
0.000875560063307167
0.00520957952084642
0.0378163796963613
0.145671243617347
0.257106342370266
0.125787900986059
0.00598895403706284
0.036854245450104
0.205626083630514
0.301790010892218
0.194885464129347
0.124758978763247
0.0362300145018623
-0.00450109662948934
0.00310817268885334
-0.000452413913139872
0.000377391577910341
1.71378957499543e-21
0
-8.53358507907281e-05
0.000912813858870709
0.0011672308290734
0.00198545694027992
0.0465743571625725
0.124960689171113
0.271705174452664
0.207905251891085
0.0781245993698345
0.0093309626172399
0.135874684191431
0.276417007743181
0.241579332002512
0.117670599979893
0.0468690105256666
-0.00137005249638665
0.00147396555337616
-0.000321129353251854
0.000566446900171703
4.18646999149735e-20
0
0.000566446900171705
-0.000321129353251849
0.00147396555337614
-0.00137005249638657
0.0468690105256666
0.117670599979893
0.241579332002512
0.276417007743181
0.135874684191431
0.00933096261723987
0.0781245993698346
0.207905251891085
0.271705174452664
0.124960689171113
0.0465743571625728
0.00198545694027985
0.0011672308290734
0.000912813858870705
-8.53358507907294e-05
-1.00438597977061e-19
0
0.000377391577910345
-0.000452413913139869
0.00310817268885334
-0.00450109662948931
0.0362300145018625
0.124758978763247
0.194885464129347
0.301790010892218
0.205626083630514
0.0368542454501037
0.00598895403706286
0.12578790098606
0.257106342370266
0.145671243617347
0.0378163796963616
0.00520957952084644
0.000875560063307151
0.000255937253235204
-0.000123831321962838
-1.91598788339094e-19
0
0.000100983881190397
0.000496380485937733
0.00164180620523088
-0.00413357019397369
0.0162210564080157
0.126277145792199
0.170118892678701
0.258529454195085
0.278402889186572
0.149728447446806
0.0266574936408055
0.0988057057542532
0.224740433334161
0.164134682273768
0.0251611159797551
0.0067349202746564
0.000798351705740887
0.000284383324051907
0.000676635612845665
3.77386551814892e-19
0
0.000671268381747338
-5.09075935090832e-05
0.00121121729099985
-0.00360885174409167
0.0072338832095278
0.127143529205351
0.183531155693439
0.174505274219167
0.263191925293063
0.251518561401653
0.118717108753638
0.127018112670881
0.209184257616782
0.150594635569082
0.0137499963543236
0.00381281408442758
0.000506074650277819
0.000612685442382348
0.000123823875796585
1.70163068133015e-19
0
0.000123823875796586
0.000612685442382345
0.000506074650277862
0.00381281408442753
0.0137499963543237
0.150594635569082
0.209184257616782
0.127018112670881
0.118717108753637
0.251518561401653
0.263191925293063
0.174505274219167
0.183531155693439
0.127143529205351
0.00723388320952777
-0.00360885174409167
0.00121121729099983
-5.09075935090764e-05
0.000671268381747326
-1.50137598930288e-19
