0
0.00168636329371336
0.032311843416146
0.173537368639841
0.163058352717421
0.149542416333572
0.173596252467925
0.0391997466872061
-0.00174941483824933
1.93813667845708e-18
0
-0.00174941483824931
0.0391997466872063
0.173596252467925
0.149542416333572
0.163058352717421
0.173537368639841
0.032311843416146
0.00168636329371337
8.71666748447202e-19
0
-0.00284527567938394
0.0407956136241627
0.155447290876176
0.149862726483624
0.176132173550087
0.169469700728784
0.0322720194436878
0.00105041977029669
1.3525780349659e-18
0
-0.00405849896727792
0.0444108021914701
0.154820619171376
0.14153541687882
0.163526389502761
0.183218063702435
0.031850340370894
0.000421018722355989
1.87212013925405e-18
0
-0.00338009660284793
0.0403240027417978
0.180049191468273
0.130754742937482
0.138716630831314
0.195943157747778
0.0358161229783819
-0.00122962431609403
1.46549202390642e-18
0
-0.00122962431609404
0.0358161229783819
0.195943157747778
0.138716630831314
0.130754742937482
0.180049191468272
0.0403240027417977
-0.00338009660284795
-1.8337213170978e-18
0
0.000421018722355952
0.031850340370894
0.183218063702435
0.163526389502761
0.141535416878821
0.154820619171376
0.04441080219147
-0.00405849896727794
-1.15598378756837e-18
0
0.00105041977029666
0.0322720194436879
0.169469700728784
0.176132173550088
0.149862726483624
0.155447290876176
0.0407956136241625
-0.00284527567938398
-1.89639335031766e-18
0
0.00168636329371336
0.032311843416146
0.173537368639841
0.163058352717421
0.149542416333572
0.173596252467925
0.0391997466872061
-0.00174941483824933
1.93813667845708e-18
0
-0.00174941483824931
0.0391997466872063
0.173596252467925
0.149542416333572
0.163058352717421
0.173537368639841
0.032311843416146
0.00168636329371337
8.71666748447202e-19
