0
6.3029599569553e-05
0.00454228759220237
0.201952141035105
0.141860813526634
0.155999411707633
0.188970074848383
0.01073069673361
5.06923195450326e-05
-7.69215839404024e-18
0
5.06923195450326e-05
0.01073069673361
0.188970074848383
0.155999411707633
0.141860813526634
0.201952141035105
0.00454228759220237
6.3029599569553e-05
1.72405699252487e-17
0
4.46826713031615e-05
0.0115404748618197
0.182578544102662
0.14602150652249
0.150432203766093
0.170480034392192
0.00403276823380564
5.9693178681562e-05
1.22673860061945e-17
0
5.30317364076718e-05
0.00955102763244007
0.193191005242314
0.146612666663827
0.15502745574091
0.127895684448958
0.00313166224717303
5.80394855655381e-05
5.97941666564143e-18
0
5.69581400372153e-05
7.28230107632581e-05
0.207713491229707
0.144428167749865
0.149401004073578
0.159179396614966
0.00295219385038891
5.75221754261706e-05
9.80367392551967e-19
0
5.75221754261706e-05
0.0029521938503889
0.159179396614966
0.149401004073578
0.144428167749865
0.207713491229707
7.28230107632506e-05
5.69581400372153e-05
-6.42661030014072e-19
0
5.80394855655381e-05
0.00313166224717303
0.127895684448958
0.15502745574091
0.146612666663827
0.193191005242314
0.00955102763244006
5.30317364076718e-05
8.55536417594068e-18
0
5.9693178681562e-05
0.00403276823380563
0.170480034392192
0.150432203766093
0.14602150652249
0.182578544102662
0.0115404748618197
4.46826713031615e-05
-4.79229900881727e-18
0
6.3029599569553e-05
0.00454228759220237
0.201952141035105
0.141860813526634
0.155999411707633
0.188970074848383
0.01073069673361
5.06923195450326e-05
-7.69215839404024e-18
0
5.06923195450326e-05
0.01073069673361
0.188970074848383
0.155999411707633
0.141860813526634
0.201952141035105
0.00454228759220237
6.3029599569553e-05
1.72405699252487e-17
