0
-3.39014649687966e-06
0.0333018437998312
0.170209486929401
0.14214069880797
0.136186272452929
0.17502871867617
0.0383533486880247
0.000353292928092683
-8.73725753937881e-19
0
0.000353292928092681
0.0383533486880247
0.17502871867617
0.136186272452929
0.14214069880797
0.170209486929401
0.0333018437998312
-3.39014649689386e-06
-2.75883715076371e-18
0
-0.000774010843115042
0.0367627877490965
0.167091709175056
0.131350551482927
0.143781899301714
0.175255806436968
0.0327303813749728
-0.000288431837760526
-1.37308802220333e-18
0
-0.00163060852879706
0.0347708683553079
0.158435053773395
0.149754697061213
0.157204481786925
0.186713694881987
0.0327933207664221
-0.00106791752435931
2.88941862816724e-18
0
-0.00169748798303462
0.0321358380571184
0.167626153829038
0.171809726725829
0.173623397910512
0.184914328307956
0.0311732615463353
-0.00148699850014539
5.83645337151756e-19
0
-0.00148699850014538
0.0311732615463353
0.184914328307956
0.173623397910513
0.171809726725829
0.167626153829038
0.0321358380571184
-0.00169748798303463
-2.79816512429618e-18
0
-0.00106791752435931
0.0327933207664221
0.186713694881987
0.157204481786925
0.149754697061213
0.158435053773395
0.034770868355308
-0.00163060852879706
-2.90864757675094e-18
0
-0.000288431837760512
0.0327303813749728
0.175255806436968
0.143781899301714
0.131350551482928
0.167091709175056
0.0367627877490966
-0.00077401084311504
-7.67131757833579e-19
0
-3.39014649687966e-06
0.0333018437998312
0.170209486929401
0.14214069880797
0.136186272452929
0.17502871867617
0.0383533486880247
0.000353292928092683
-8.73725753937881e-19
0
0.000353292928092681
0.0383533486880247
0.17502871867617
0.136186272452929
0.14214069880797
0.170209486929401
0.0333018437998312
-3.39014649689386e-06
-2.75883715076371e-18
