0
0.000533053085794919
0.0335545696508965
0.172779271900262
0.141784451220147
0.133389902883666
0.171395764034399
0.0408692479021925
-0.00175071095189412
3.80498587070035e-18
0
-0.00175071095189412
0.0408692479021924
0.171395764034399
0.133389902883666
0.141784451220147
0.172779271900262
0.0335545696508965
0.000533053085794925
-3.23800951270148e-18
0
-0.00208195743930919
0.0396729391959485
0.162626296838938
0.132093481920969
0.144235413012186
0.169918270756886
0.0333979377803003
8.51855934333538e-05
2.16859972979431e-18
0
-0.0014513904702328
0.0338191122881408
0.165610699072922
0.154219355328547
0.156085011505888
0.175828619523934
0.0296023372131122
0.000147679388798173
1.26599295377992e-18
0
-0.000277062294546065
0.0276319481858447
0.179399495530159
0.174040199597895
0.17227435835541
0.184230889369813
0.0269506855472157
0.000301106442157924
1.73429995923668e-18
0
0.000301106442157927
0.0269506855472158
0.184230889369813
0.17227435835541
0.174040199597895
0.179399495530159
0.0276319481858446
-0.000277062294546047
-2.25521481094444e-18
0
0.000147679388798193
0.0296023372131122
0.175828619523934
0.156085011505888
0.154219355328547
0.165610699072922
0.0338191122881407
-0.0014513904702328
3.95822034540972e-18
0
8.518559343336e-05
0.0333979377803003
0.169918270756886
0.144235413012186
0.132093481920969
0.162626296838938
0.0396729391959485
-0.0020819574393092
5.06396597953571e-18
0
0.000533053085794919
0.0335545696508965
0.172779271900262
0.141784451220147
0.133389902883666
0.171395764034399
0.0408692479021925
-0.00175071095189412
3.80498587070035e-18
0
-0.00175071095189412
0.0408692479021924
0.171395764034399
0.133389902883666
0.141784451220147
0.172779271900262
0.0335545696508965
0.000533053085794925
-3.23800951270148e-18
