0
-0.00191735093357245
0.0347603376036537
0.179178800946983
0.141250051122636
0.142470197248241
0.170207682377967
0.0337742650345093
9.00776400454896e-05
8.23090519919321e-19
0
9.00776400454907e-05
0.0337742650345095
0.170207682377967
0.142470197248241
0.141250051122635
0.179178800946983
0.0347603376036537
-0.00191735093357246
-1.6222864730444e-18
0
0.000766434887132331
0.0357684459163456
0.173654938889546
0.131979317179167
0.145304230723094
0.190828912452369
0.0349890103408532
-0.00221797476210095
-1.41656813135058e-18
0
0.00102598035067076
0.035364428563543
0.169028033517073
0.140767642069285
0.163383272140124
0.18356232464993
0.0355946913850885
-0.00213295609501531
6.05359610117553e-19
0
0.000388848285323291
0.0358492687009063
0.158425544523433
0.164307903206973
0.175702236940718
0.164082060274512
0.0360898979313556
-0.000903690165178694
1.86282548559457e-18
0
-0.000903690165178694
0.0360898979313555
0.164082060274512
0.175702236940719
0.164307903206973
0.158425544523434
0.0358492687009063
0.000388848285323295
7.23111595754789e-19
0
-0.00213295609501531
0.0355946913850885
0.18356232464993
0.163383272140124
0.140767642069285
0.169028033517073
0.0353644285635429
0.00102598035067076
-2.80679659072661e-18
0
-0.00221797476210094
0.0349890103408532
0.190828912452369
0.145304230723094
0.131979317179167
0.173654938889546
0.0357684459163455
0.000766434887132326
-2.18368780005626e-18
0
-0.00191735093357245
0.0347603376036537
0.179178800946983
0.141250051122636
0.142470197248241
0.170207682377967
0.0337742650345093
9.00776400454896e-05
8.23090519919321e-19
0
9.00776400454907e-05
0.0337742650345095
0.170207682377967
0.142470197248241
0.141250051122635
0.179178800946983
0.0347603376036537
-0.00191735093357246
-1.6222864730444e-18
