0
-0.00178946681225119
0.0326494851622093
0.155929446046384
0.150021693765111
0.148613867766191
0.168249712012975
0.0361989873574995
0.00109617613287459
1.99293224038774e-18
0
0.00109617613287459
0.0361989873574995
0.168249712012975
0.148613867766191
0.150021693765111
0.155929446046384
0.0326494851622092
-0.00178946681225119
-3.26515622776996e-18
0
0.00170828042954687
0.031701232010468
0.1911924206778
0.143479772906074
0.168308635480481
0.166458416493532
0.0316442609498057
-0.00287333705535781
-2.20796539169369e-18
0
0.000772830466498463
0.0315134637491394
0.19134842241548
0.131566286071156
0.176598339998044
0.172316920309888
0.0301971070638973
-0.00278205627704682
2.01913716198204e-20
0
-0.00105691257029612
0.0292182465208154
0.174397215144761
0.136037448664926
0.159435618828243
0.168300835035688
0.0290931141982287
-0.00189551895417829
2.76962548729181e-19
0
-0.00189551895417828
0.0290931141982289
0.168300835035688
0.159435618828243
0.136037448664926
0.174397215144761
0.0292182465208153
-0.00105691257029612
-1.84115461823392e-19
0
-0.00278205627704681
0.0301971070638975
0.172316920309888
0.176598339998044
0.131566286071156
0.19134842241548
0.0315134637491394
0.000772830466498489
1.38914533007953e-18
0
-0.00287333705535781
0.0316442609498058
0.166458416493532
0.168308635480481
0.143479772906074
0.1911924206778
0.0317012320104681
0.00170828042954687
-1.00634301231767e-17
0
-0.00178946681225119
0.0326494851622093
0.155929446046384
0.150021693765111
0.148613867766191
0.168249712012975
0.0361989873574995
0.00109617613287459
1.99293224038774e-18
0
0.00109617613287459
0.0361989873574995
0.168249712012975
0.148613867766191
0.150021693765111
0.155929446046384
0.0326494851622092
-0.00178946681225119
-3.26515622776996e-18
