0
5.54201713327946e-05
0.00528102177932431
0.195693016615117
0.151983846935728
0.150999391262689
0.190661489318261
0.00528789025450531
5.74173985929979e-05
4.84267564462202e-18
0
5.74173985929979e-05
0.00528789025450531
0.190661489318261
0.150999391262689
0.151983846935728
0.195693016615117
0.00528102177932431
5.54201713327946e-05
2.78025891413337e-18
0
5.79143663148247e-05
0.0052865582537983
0.191759270549733
0.144946859946741
0.146760021126903
0.199566986607144
0.00528371922219209
5.52692747656415e-05
1.7657469754478e-19
0
5.76975389904338e-05
0.00529232777050396
0.174847331080734
0.143688895175792
0.145189402456224
0.180315016752702
0.00528327081602977
5.48822955863581e-05
-4.73299836642854e-18
0
5.67607014325664e-05
0.00528945392305364
0.150166271131139
0.147513196975053
0.148122953450093
0.152027364337658
0.00528901180154124
5.55187134191791e-05
2.17252450269136e-18
0
5.55187134191791e-05
0.00528901180154123
0.152027364337658
0.148122953450093
0.147513196975053
0.150166271131139
0.00528945392305364
5.67607014325664e-05
7.55971051402687e-18
0
5.48822955863581e-05
0.00528327081602977
0.180315016752702
0.145189402456224
0.143688895175792
0.174847331080735
0.00529232777050396
5.76975389904338e-05
-2.68142443533452e-18
0
5.52692747656415e-05
0.00528371922219209
0.199566986607144
0.146760021126903
0.144946859946741
0.191759270549733
0.0052865582537983
5.79143663148247e-05
-2.70372298047152e-18
0
5.54201713327946e-05
0.00528102177932431
0.195693016615117
0.151983846935728
0.150999391262689
0.190661489318261
0.00528789025450531
5.74173985929979e-05
4.84267564462202e-18
0
5.74173985929979e-05
0.00528789025450531
0.190661489318261
0.150999391262689
0.151983846935728
0.195693016615117
0.00528102177932431
5.54201713327946e-05
2.78025891413337e-18
