0
5.47216280929469e-05
0.00526715542170943
0.178754350162463
0.14472499022984
0.150961774137168
0.146039171400925
0.00537837399041731
5.48096795850391e-05
6.79835640459774e-18
0
5.48096795850391e-05
0.0053783739904173
0.146039171400925
0.150961774137168
0.14472499022984
0.178754350162464
0.00526715542170943
5.47216280929469e-05
9.71741604533322e-18
0
5.57777287188453e-05
0.00532255027026956
0.151178760990287
0.153519586853741
0.146888444151028
0.193093462611551
0.0052710447796685
5.65199907466259e-05
9.39707283011792e-18
0
5.66656803574915e-05
0.00531831781013159
0.183975246529214
0.149079273582619
0.148794413439447
0.188509305514773
0.00524898294073368
5.8001226267824e-05
-9.47486871023308e-19
0
5.80902098815035e-05
0.00528291267782784
0.199761395759616
0.143342304627955
0.144845654533577
0.191360931804344
0.00527137284707517
5.84115786118696e-05
-5.49233209105617e-18
0
5.84115786118696e-05
0.00527137284707516
0.191360931804344
0.144845654533577
0.143342304627955
0.199761395759616
0.00528291267782784
5.80902098815035e-05
-2.53463568115557e-18
0
5.8001226267824e-05
0.00524898294073368
0.188509305514773
0.148794413439447
0.149079273582619
0.183975246529214
0.0053183178101316
5.66656803574915e-05
-1.80568865027274e-18
0
5.65199907466259e-05
0.0052710447796685
0.193093462611551
0.146888444151028
0.153519586853741
0.151178760990287
0.00532255027026957
5.57777287188453e-05
-8.41699508134054e-18
0
5.47216280929469e-05
0.00526715542170943
0.178754350162463
0.14472499022984
0.150961774137168
0.146039171400925
0.00537837399041731
5.48096795850391e-05
6.79835640459774e-18
0
5.48096795850391e-05
0.0053783739904173
0.146039171400925
0.150961774137168
0.14472499022984
0.178754350162464
0.00526715542170943
5.47216280929469e-05
9.71741604533322e-18
