0
5.54749507211097e-05
0.00528388020262295
0.197801977940848
0.149938757856073
0.152889286119922
0.19371117451038
0.00527401835926173
5.49052451004979e-05
-5.62147303882313e-18
0
5.49052451004979e-05
0.00527401835926173
0.19371117451038
0.152889286119922
0.149938757856073
0.197801977940848
0.00528388020262295
5.54749507211097e-05
1.49454103491218e-17
0
5.55994865461053e-05
0.00526954938045455
0.189325006688257
0.14732700802911
0.145252098233253
0.172023141607874
0.00528932776031174
5.66881849216251e-05
1.34280665732176e-17
0
5.64087323682753e-05
0.00528699875643737
0.192688638647596
0.143232379813563
0.146214451010265
0.147452768676509
0.00528966512875333
5.77133479277832e-05
3.15675851460368e-18
0
5.75245570350803e-05
0.0052864030117449
0.181870366646791
0.145857864109259
0.148703455616118
0.15531235898175
0.00529208718979235
5.78642829545882e-05
-1.32378714985553e-18
0
5.78642829545882e-05
0.00529208718979235
0.155312358981749
0.148703455616118
0.145857864109259
0.181870366646791
0.0052864030117449
5.75245570350803e-05
7.13594411020631e-18
0
5.77133479277833e-05
0.00528966512875333
0.147452768676509
0.146214451010265
0.143232379813563
0.192688638647595
0.00528699875643737
5.64087323682753e-05
5.23161767623143e-18
0
5.66881849216251e-05
0.00528932776031174
0.172023141607875
0.145252098233253
0.14732700802911
0.189325006688257
0.00526954938045456
5.55994865461053e-05
6.01279429499372e-20
0
5.54749507211097e-05
0.00528388020262295
0.197801977940848
0.149938757856073
0.152889286119922
0.19371117451038
0.00527401835926173
5.49052451004979e-05
-5.62147303882313e-18
0
5.49052451004979e-05
0.00527401835926173
0.19371117451038
0.152889286119922
0.149938757856073
0.197801977940848
0.00528388020262295
5.54749507211097e-05
1.49454103491218e-17
