0
5.80357382140738e-05
0.00529023992762109
0.163311456806705
0.147594373134879
0.153540263336723
0.195058439099495
0.00526674545947717
5.66402978781133e-05
-7.76342562918401e-18
0
5.66402978781133e-05
0.00526674545947717
0.195058439099495
0.153540263336723
0.14759437313488
0.163311456806705
0.00529023992762109
5.80357382140738e-05
-7.58759101984599e-18
0
5.48998294944398e-05
0.00525034559637243
0.196251532059607
0.1500657576015
0.144835399955236
0.145485229595467
0.00529170422919222
5.75174111554031e-05
-5.22461356570625e-18
0
5.4363877772442e-05
0.00527315584040038
0.188806427996059
0.144113937755664
0.147610761688678
0.162333028690268
0.0052862909022508
5.64588038317057e-05
3.60403793537002e-18
0
5.49464256822668e-05
0.00526890034952533
0.192041061594727
0.144113867005398
0.148246788340925
0.187588722694192
0.00528582765759922
5.56233093663473e-05
-1.70288594298567e-18
0
5.56233093663473e-05
0.00528582765759922
0.187588722694192
0.148246788340925
0.144113867005398
0.192041061594727
0.00526890034952533
5.49464256822668e-05
6.95406538787459e-18
0
5.64588038317057e-05
0.0052862909022508
0.162333028690268
0.147610761688678
0.144113937755664
0.18880642799606
0.00527315584040038
5.4363877772442e-05
-2.00950583450636e-19
0
5.75174111554031e-05
0.00529170422919222
0.145485229595467
0.144835399955236
0.1500657576015
0.196251532059607
0.00525034559637243
5.48998294944398e-05
-7.59206040778421e-18
0
5.80357382140738e-05
0.00529023992762109
0.163311456806705
0.147594373134879
0.153540263336723
0.195058439099495
0.00526674545947717
5.66402978781133e-05
-7.76342562918401e-18
0
5.66402978781133e-05
0.00526674545947717
0.195058439099495
0.153540263336723
0.14759437313488
0.163311456806705
0.00529023992762109
5.80357382140738e-05
-7.58759101984599e-18
