0
4.87207373445793e-05
0.00564794602804894
0.18931733760396
0.142320206742962
0.152620879702848
0.181950775935716
0.00859013645970501
5.72950193293516e-05
7.13521427537279e-18
0
5.72950193293516e-05
0.00859013645970501
0.181950775935716
0.152620879702848
0.142320206742962
0.18931733760396
0.00564794602804893
4.87207373445792e-05
1.05263470739052e-17
0
5.74961578922645e-05
-0.000237653513375502
0.202282772326245
0.144866657509899
0.146316087286706
0.202357164415672
0.00528194406996918
5.41589751235959e-05
1.46664701766295e-17
0
5.77689094602241e-05
0.00328336494828415
0.197463696596359
0.146180049073371
0.154344468056215
0.181444539455693
0.00464944582699103
5.92934840654678e-05
2.16448808448475e-17
0
6.01988135477948e-05
0.00311225614022673
0.144720532865506
0.145389919321358
0.152534014108593
0.13631622546247
0.00413174877105092
6.16762487290831e-05
6.1290753298652e-18
0
6.16762487290831e-05
0.00413174877105091
0.13631622546247
0.152534014108593
0.145389919321358
0.144720532865507
0.00311225614022673
6.01988135477948e-05
1.02563964823649e-17
0
5.92934840654677e-05
0.00464944582699103
0.181444539455694
0.154344468056215
0.146180049073371
0.197463696596359
0.00328336494828416
5.77689094602241e-05
3.68634752392664e-18
0
5.41589751235958e-05
0.00528194406996918
0.202357164415672
0.146316087286706
0.144866657509899
0.202282772326245
-0.000237653513375507
5.74961578922645e-05
-4.09704100480253e-18
0
4.87207373445793e-05
0.00564794602804894
0.18931733760396
0.142320206742962
0.152620879702848
0.181950775935716
0.00859013645970501
5.72950193293516e-05
7.13521427537279e-18
0
5.72950193293516e-05
0.00859013645970501
0.181950775935716
0.152620879702848
0.142320206742962
0.18931733760396
0.00564794602804893
4.87207373445792e-05
1.05263470739052e-17
