0
-0.000186998414584967
0.000389690980804438
0.172520115385265
0.146308213926104
0.170919467816179
0.173925626134295
0.011808848968625
0.00214032644179783
1.42420132823261e-18
0
0.00214032644179775
0.0118088489686248
0.173925626134295
0.170919467816179
0.146308213926104
0.172520115385265
0.000389690980804476
-0.000186998414585053
8.42753671686807e-18
0
-0.00229961358631026
0.00637831194805038
0.198325630563096
0.151709768686354
0.14094795713996
0.187928684343865
0.000168032919647287
0.00285258564438927
2.38564627542699e-18
0
-0.00084004078908254
0.0147784237301653
0.204857991927298
0.150131373670986
0.147675893822623
0.176004774687457
0.0172542346833507
-0.00472113493576
3.34872182246534e-18
0
0.00440874383135226
0.0292897896278529
0.163566844314642
0.143262227432484
0.147414892678911
0.14525574963116
0.0337208045623912
-0.0017208460073527
-5.94497456176101e-18
0
-0.00172084600735273
0.0337208045623913
0.14525574963116
0.147414892678911
0.143262227432484
0.163566844314643
0.0292897896278529
0.00440874383135226
-5.78615434883972e-18
0
-0.00472113493576001
0.0172542346833507
0.176004774687457
0.147675893822623
0.150131373670986
0.204857991927298
0.0147784237301653
-0.000840040789082538
4.28117817245176e-18
0
0.00285258564438932
0.000168032919647246
0.187928684343865
0.14094795713996
0.151709768686354
0.198325630563096
0.00637831194805043
-0.0022996135863102
3.28895553695446e-18
0
-0.000186998414584967
0.000389690980804438
0.172520115385265
0.146308213926104
0.170919467816179
0.173925626134295
0.011808848968625
0.00214032644179783
1.42420132823261e-18
0
0.00214032644179775
0.0118088489686248
0.173925626134295
0.170919467816179
0.146308213926104
0.172520115385265
0.000389690980804476
-0.000186998414585053
8.42753671686807e-18
