0
0.00180093372985999
0.0177417247229704
0.16507936432498
0.152408273812822
0.172773445361529
0.194200862173039
0.00659209961372938
0.00469609578633069
5.28301419372672e-18
0
0.00469609578633068
0.00659209961372936
0.194200862173039
0.172773445361529
0.152408273812822
0.16507936432498
0.0177417247229704
0.00180093372986003
-4.31458628261803e-18
0
-0.000333789844167095
0.0267062207449714
0.191744097719386
0.155796103716511
0.135845861955958
0.174284937067353
0.0180726904226367
0.0056481133528555
-4.00051874122899e-18
0
-0.00614492453461319
0.0364703103238637
0.154371462581128
0.151944335490789
0.140151314581115
0.193448227041838
0.0186423451924071
-0.00296560497585912
-4.11797963508398e-18
0
-0.00460596547561748
0.0253817329989247
0.153675990704045
0.143490963378156
0.147145665641868
0.184879753403006
0.0132944875252887
-0.00604404298984087
5.00007034900946e-18
0
-0.00604404298984082
0.0132944875252886
0.184879753403006
0.147145665641868
0.143490963378156
0.153675990704045
0.0253817329989247
-0.00460596547561752
-7.91617047323076e-19
0
-0.00296560497585912
0.0186423451924071
0.193448227041838
0.140151314581115
0.151944335490788
0.154371462581128
0.0364703103238636
-0.00614492453461319
-1.08440655810686e-17
0
0.00564811335285547
0.0180726904226367
0.174284937067353
0.135845861955958
0.155796103716511
0.191744097719386
0.0267062207449714
-0.000333789844167068
5.34450076860743e-19
0
0.00180093372985999
0.0177417247229704
0.16507936432498
0.152408273812822
0.172773445361529
0.194200862173039
0.00659209961372938
0.00469609578633069
5.28301419372672e-18
0
0.00469609578633068
0.00659209961372936
0.194200862173039
0.172773445361529
0.152408273812822
0.16507936432498
0.0177417247229704
0.00180093372986003
-4.31458628261803e-18
