0
5.63031493061465e-05
0.00570317369496318
0.184007845170114
0.143947070204464
0.149865625108503
0.206981561149584
0.00355041635393833
6.00460132508894e-05
1.21447331737661e-17
0
6.00460132508894e-05
0.00355041635393832
0.206981561149584
0.149865625108503
0.143947070204464
0.184007845170114
0.00570317369496318
5.63031493061465e-05
-7.06832870331327e-18
0
6.15825589274826e-05
0.00308801643860163
0.183083902972508
0.144279504417714
0.143494818819263
0.185205691061127
0.0066663391773772
5.65595911007862e-05
-8.43148544024073e-18
0
5.96518899025419e-05
0.00425133146940757
0.136542067891573
0.1460914466993
0.151548271200229
0.20085455041022
0.00578345948611245
5.18190610612734e-05
-2.78343885305768e-18
0
5.40292289878601e-05
0.00470530884234219
0.14698119101233
0.147536437373301
0.154731569310899
0.190318052384029
0.00531766151998408
4.9591831237044e-05
-3.84164945522476e-18
0
4.9591831237044e-05
0.00531766151998408
0.190318052384029
0.154731569310899
0.147536437373301
0.14698119101233
0.00470530884234219
5.40292289878602e-05
-1.09877392245612e-17
0
5.18190610612734e-05
0.00578345948611245
0.20085455041022
0.151548271200229
0.1460914466993
0.136542067891573
0.00425133146940757
5.96518899025419e-05
1.49685822524347e-17
0
5.65595911007862e-05
0.0066663391773772
0.185205691061127
0.143494818819263
0.144279504417714
0.183083902972508
0.00308801643860163
6.15825589274826e-05
-1.3491887386569e-18
0
5.63031493061465e-05
0.00570317369496318
0.184007845170114
0.143947070204464
0.149865625108503
0.206981561149584
0.00355041635393833
6.00460132508894e-05
1.21447331737661e-17
0
6.00460132508894e-05
0.00355041635393832
0.206981561149584
0.149865625108503
0.143947070204464
0.184007845170114
0.00570317369496318
5.63031493061465e-05
-7.06832870331327e-18
