0
6.07975659145386e-05
0.00522389542193367
0.201226715408077
0.146057685927146
0.147707203832989
0.167518807441696
0.00435347588045376
5.42496447468613e-05
-5.09249419688512e-18
0
5.42496447468612e-05
0.00435347588045376
0.167518807441696
0.147707203832989
0.146057685927146
0.201226715408077
0.00522389542193367
6.07975659145386e-05
6.50538308525867e-18
0
4.97488423012958e-05
0.00475545765680863
0.134264466431536
0.144118055368665
0.142513227582193
0.189396597350845
0.0055317350371231
5.95850847772629e-05
3.22464460614723e-18
0
5.17599334680972e-05
0.00536949661097458
0.158640308364599
0.146731668595162
0.147821368021569
0.182534428293179
0.00556500841245018
5.72340822925409e-05
-3.12786263823585e-18
0
5.60427658102286e-05
0.00588688173439644
0.196694108107713
0.150310038544963
0.155033445891511
0.197370638597304
0.00665341713292477
5.68051742189847e-05
-4.27412778560605e-18
0
5.68051742189847e-05
0.00665341713292477
0.197370638597303
0.155033445891511
0.150310038544963
0.196694108107713
0.00588688173439644
5.60427658102286e-05
-4.0144409678377e-18
0
5.72340822925409e-05
0.00556500841245018
0.182534428293179
0.147821368021568
0.146731668595162
0.158640308364599
0.00536949661097458
5.17599334680972e-05
1.79896433508771e-17
0
5.95850847772629e-05
0.00553173503712309
0.189396597350845
0.142513227582192
0.144118055368665
0.134264466431536
0.00475545765680863
4.97488423012958e-05
-3.91909387481432e-18
0
6.07975659145386e-05
0.00522389542193367
0.201226715408077
0.146057685927146
0.147707203832989
0.167518807441696
0.00435347588045376
5.42496447468613e-05
-5.09249419688512e-18
0
5.42496447468612e-05
0.00435347588045376
0.167518807441696
0.147707203832989
0.146057685927146
0.201226715408077
0.00522389542193367
6.07975659145386e-05
6.50538308525867e-18
