0
0.00306910886213687
0.0295210601325999
0.181454920171744
0.161017789607503
0.176157332852916
0.171753164045998
0.0286026368249995
-0.00515792073545037
1.97264014131603e-18
0
-0.00515792073545034
0.0286026368249996
0.171753164045998
0.176157332852916
0.161017789607503
0.181454920171744
0.0295210601326
0.00306910886213692
2.6354033267635e-18
0
-0.00660446426161213
0.0216573835881772
0.145419049911058
0.159005075701936
0.136325362396255
0.172625131483343
0.0306641496790702
0.00792588017689731
4.17258449232446e-18
0
-0.00684910858329196
0.0181738089039566
0.158580066061389
0.151369514162387
0.132052040119865
0.17693680700584
0.0315063178270916
0.00246850370277911
-4.93061088115754e-19
0
-0.000428407258280303
0.0317985078882436
0.192567628735684
0.143988059319202
0.142853765047855
0.194396234714866
0.0322069635180307
-0.00056335336406529
-6.28380566843388e-18
0
-0.000563353364065336
0.0322069635180306
0.194396234714866
0.142853765047855
0.143988059319202
0.192567628735684
0.0317985078882436
-0.000428407258280287
9.21525410564615e-19
0
0.00246850370277906
0.0315063178270915
0.17693680700584
0.132052040119865
0.151369514162387
0.158580066061389
0.0181738089039566
-0.00684910858329197
3.90648096824445e-18
0
0.0079258801768973
0.0306641496790702
0.172625131483343
0.136325362396255
0.159005075701936
0.145419049911058
0.0216573835881773
-0.00660446426161219
-1.55082799106461e-18
0
0.00306910886213687
0.0295210601325999
0.181454920171744
0.161017789607503
0.176157332852916
0.171753164045998
0.0286026368249995
-0.00515792073545037
1.97264014131603e-18
0
-0.00515792073545034
0.0286026368249996
0.171753164045998
0.176157332852916
0.161017789607503
0.181454920171744
0.0295210601326
0.00306910886213692
2.6354033267635e-18
