0
0.00226763817469987
0.0343182828160583
0.179615983812642
0.177404505656702
0.159326499062409
0.194499285793949
0.0355038878389828
-0.00255246163519738
5.82992106305411e-18
0
-0.00255246163519738
0.0355038878389827
0.194499285793949
0.159326499062409
0.177404505656702
0.179615983812642
0.0343182828160581
0.00226763817469989
-1.8495312237141e-18
0
-0.00447244179009314
0.0358242215172741
0.179845773086371
0.148049991792105
0.165455060141062
0.150482862519828
0.0349006918744951
0.00306792117864383
7.42181884464624e-19
0
-0.00536261891812001
0.0372722694981683
0.174735558933591
0.145487076115705
0.138180156501941
0.151038602019477
0.0350320460901277
0.00119815374606422
-2.72829036594262e-18
0
-0.00283511419494274
0.0390601484849001
0.183346435153772
0.13971643167636
0.132152229158711
0.175091316544652
0.0361136597191019
-0.00125298011954037
-3.67708054745063e-18
0
-0.00125298011954038
0.036113659719102
0.175091316544652
0.132152229158711
0.13971643167636
0.183346435153772
0.0390601484849001
-0.00283511419494274
2.68612424353033e-20
0
0.00119815374606417
0.0350320460901278
0.151038602019477
0.138180156501941
0.145487076115705
0.174735558933591
0.0372722694981684
-0.00536261891812003
2.86258809271295e-18
0
0.0030679211786438
0.0349006918744952
0.150482862519828
0.165455060141062
0.148049991792104
0.179845773086371
0.0358242215172743
-0.00447244179009317
6.01716209402747e-18
0
0.00226763817469987
0.0343182828160583
0.179615983812642
0.177404505656702
0.159326499062409
0.194499285793949
0.0355038878389828
-0.00255246163519738
5.82992106305411e-18
0
-0.00255246163519738
0.0355038878389827
0.194499285793949
0.159326499062409
0.177404505656702
0.179615983812642
0.0343182828160581
0.00226763817469989
-1.8495312237141e-18
