0
5.75455613554569e-05
0.00310713580445202
0.157903525313702
0.142902028323331
0.159851911883512
0.19389512381767
0.0104224190807108
5.88207739174257e-05
-4.24775108948173e-19
0
5.88207739174257e-05
0.0104224190807108
0.19389512381767
0.159851911883512
0.142902028323331
0.157903525313702
0.00310713580445202
5.75455613554569e-05
-3.92404694063925e-18
0
6.2357865134869e-05
0.0105137821992866
0.184009157965477
0.147997887820061
0.154767056178648
0.123769171132417
0.00263005447569018
5.65610713748404e-05
-4.98049119490223e-19
0
6.43833698226788e-05
0.0107154643679521
0.189204601861864
0.147168474022312
0.153034596820251
0.17917611073639
0.000502095919939136
5.4140365209922e-05
5.09935708934855e-18
0
4.93505938502443e-05
0.0113724396557629
0.182796339762007
0.144486433868312
0.146764617673563
0.210241587444483
0.0104428907900921
4.45135836107668e-05
-3.72254639251034e-18
0
4.45135836107668e-05
0.0104428907900921
0.210241587444483
0.146764617673563
0.144486433868312
0.182796339762007
0.0113724396557629
4.93505938502443e-05
6.84418012880097e-19
0
5.4140365209922e-05
0.000502095919939147
0.17917611073639
0.153034596820251
0.147168474022312
0.189204601861864
0.0107154643679521
6.43833698226788e-05
3.96390862486574e-18
0
5.65610713748404e-05
0.00263005447569017
0.123769171132416
0.154767056178648
0.147997887820061
0.184009157965477
0.0105137821992866
6.2357865134869e-05
1.24850145764796e-17
0
5.75455613554569e-05
0.00310713580445202
0.157903525313702
0.142902028323331
0.159851911883512
0.19389512381767
0.0104224190807108
5.88207739174257e-05
-4.24775108948173e-19
0
5.88207739174257e-05
0.0104224190807108
0.19389512381767
0.159851911883512
0.142902028323331
0.157903525313702
0.00310713580445202
5.75455613554569e-05
-3.92404694063925e-18
