0
5.55022893804505e-05
0.00529178620583726
0.186509335383944
0.146044288173409
0.146473675078613
0.196126228208383
0.00510553238983135
5.85919807567018e-05
-1.12334222149196e-18
0
5.85919807567017e-05
0.00510553238983135
0.196126228208383
0.146473675078613
0.146044288173409
0.186509335383944
0.00529178620583727
5.55022893804505e-05
-1.54949926170353e-19
0
5.92224355643207e-05
0.00516857726037886
0.19225400237555
0.15174361912883
0.149023979756846
0.197623275178105
0.00532087946869748
5.51796502526622e-05
-1.28981234678452e-18
0
5.83726501975829e-05
0.00537050593236234
0.159914459874403
0.153423620164975
0.145856094601032
0.19652898914572
0.00533159870949668
5.35230294149391e-05
-1.33664629712571e-18
0
5.62009552696595e-05
0.00531703408918624
0.141420533565976
0.147918924582848
0.142763059394656
0.16552057092995
0.0053765598655568
5.38083169541005e-05
4.40480125409935e-18
0
5.38083169541005e-05
0.0053765598655568
0.16552057092995
0.142763059394655
0.147918924582848
0.141420533565976
0.00531703408918624
5.62009552696595e-05
-1.88594631850986e-18
0
5.35230294149391e-05
0.00533159870949668
0.19652898914572
0.145856094601032
0.153423620164975
0.159914459874403
0.00537050593236235
5.83726501975829e-05
8.03176519322302e-18
0
5.51796502526622e-05
0.00532087946869748
0.197623275178104
0.149023979756846
0.15174361912883
0.19225400237555
0.00516857726037886
5.92224355643207e-05
-7.78965468913416e-18
0
5.55022893804505e-05
0.00529178620583726
0.186509335383944
0.146044288173409
0.146473675078613
0.196126228208383
0.00510553238983135
5.85919807567018e-05
-1.12334222149196e-18
0
5.85919807567017e-05
0.00510553238983135
0.196126228208383
0.146473675078613
0.146044288173409
0.186509335383944
0.00529178620583727
5.55022893804505e-05
-1.54949926170353e-19
