0.000000000000000000e+00
3.222146332263946533e-01
6.444292664527893066e-01
9.666438698768615723e-01
1.288858532905578613e+00
1.611073136329650879e+00
1.933287739753723145e+00
2.255502462387084961e+00
2.577717065811157227e+00
2.899931669235229492e+00
3.222146272659301758e+00
3.544360876083374023e+00
3.866575479507446289e+00
4.188790321350097656e+00
4.511004924774169922e+00
4.833219528198242188e+00
5.155434131622314453e+00
5.477648735046386719e+00
5.799863338470458984e+00
6.122077941894531250e+00
6.444292545318603516e+00
6.766507148742675781e+00
7.088721752166748047e+00
7.410936355590820312e+00
7.733150959014892578e+00
8.055365562438964844e+00
8.377580642700195312e+00
8.699794769287109375e+00
9.022009849548339844e+00
9.344223976135253906e+00
9.666439056396484375e+00
9.988653182983398438e+00
1.031086826324462891e+01
1.063308238983154297e+01
1.095529747009277344e+01
1.127751255035400391e+01
1.159972667694091797e+01
1.192194175720214844e+01
1.224415588378906250e+01
1.256637096405029297e+01
