0.000000000000000000e+00
6.613879203796386719e-01
1.322775840759277344e+00
1.984163761138916016e+00
2.645551681518554688e+00
3.306939601898193359e+00
3.968327522277832031e+00
4.629715442657470703e+00
5.291103363037109375e+00
5.952491283416748047e+00
6.613879203796386719e+00
7.275267124176025391e+00
7.936655044555664062e+00
8.598043441772460938e+00
9.259430885314941406e+00
9.920819282531738281e+00
1.058220672607421875e+01
1.124359512329101562e+01
1.190498256683349609e+01
1.256637096405029297e+01
