0.000000000000000000e+00
2.564102597534656525e-02
5.128205195069313049e-02
7.692307978868484497e-02
1.025641039013862610e-01
1.282051354646682739e-01
1.538461595773696899e-01
1.794871836900711060e-01
2.051282078027725220e-01
2.307692319154739380e-01
2.564102709293365479e-01
2.820512950420379639e-01
3.076923191547393799e-01
3.333333432674407959e-01
3.589743673801422119e-01
3.846153914928436279e-01
4.102564156055450439e-01
4.358974397182464600e-01
4.615384638309478760e-01
4.871794879436492920e-01
5.128205418586730957e-01
5.384615659713745117e-01
5.641025900840759277e-01
5.897436141967773438e-01
6.153846383094787598e-01
6.410256624221801758e-01
6.666666865348815918e-01
6.923077106475830078e-01
7.179487347602844238e-01
7.435897588729858398e-01
7.692307829856872559e-01
7.948718070983886719e-01
8.205128312110900879e-01
8.461538553237915039e-01
8.717948794364929199e-01
8.974359035491943359e-01
9.230769276618957520e-01
9.487179517745971680e-01
9.743589758872985840e-01
1.000000000000000000e+00
