0.000000000000000000e+00
5.263157933950424194e-02
1.052631586790084839e-01
1.578947305679321289e-01
2.105263173580169678e-01
2.631579041481018066e-01
3.157894611358642578e-01
3.684210479259490967e-01
4.210526347160339355e-01
4.736842215061187744e-01
5.263158082962036133e-01
5.789473652839660645e-01
6.315789222717285156e-01
6.842105388641357422e-01
7.368420958518981934e-01
7.894737124443054199e-01
8.421052694320678711e-01
8.947368264198303223e-01
9.473684430122375488e-01
1.000000000000000000e+00
